[000][0][C050005C]
[000][1][4B060000]
[000][2][4B010000]
[000][3][4B000000]
[001][0][4F0A005C]
[001][1][4F0D00DC]
[001][2][4C0A0004]
[001][3][C0BA0000]
[002][0][42BD0000]
[002][1][4C0D0004]
[002][2][4C060001]
[002][3][10658000]
[003][0][56810018]
[003][1][4B060000]
[003][2][4F0900DC]
[003][3][43970000]
[004][0][5070000]
[004][1][4C060001]
[004][2][4C090004]
[004][3][10658000]
[005][0][5681003C]
[005][1][C10000AC]
[005][2][92000000]
[005][3][0]
[006][0][A]
[006][1][6]
[006][2][2C]
[006][3][45]
[007][0][1]
[007][1][7]
[007][2][0]
[007][3][1]
[008][0][5]
[008][1][A]
[008][2][55]
[008][3][0]
[009][0][0]
[009][1][0]
[009][2][0]
[009][3][0]
[010][0][0]
[010][1][0]
[010][2][0]
[010][3][0]
[011][0][E4]
[011][1][0]
[011][2][0]
[011][3][0]
[012][0][0]
[012][1][0]
[012][2][0]
[012][3][0]
[013][0][0]
[013][1][0]
[013][2][0]
[013][3][0]
[014][0][6]
[014][1][2C]
[014][2][45]
[014][3][1]
[015][0][7]
[015][1][0]
[015][2][1]
[015][3][5]
[016][0][A]
[016][1][55]
[016][2][0]
[016][3][0]
[017][0][C0500070]
[017][1][4B060000]
[017][2][4B010000]
[017][3][4B000000]
[018][0][4F0A0070]
[018][1][4F0D00F0]
[018][2][4C0A0004]
[018][3][C0BA0000]
[019][0][42BD0000]
[019][1][4C0D0004]
[019][2][4C060001]
[019][3][10658000]
[020][0][56810018]
[020][1][4B060000]
[020][2][4F0900F0]
[020][3][43900000]
[021][0][4C060001]
[021][1][4C090004]
[021][2][43920000]
[021][3][4C060001]
[022][0][4C090004]
[022][1][10028000]
[022][2][55810060]
[022][3][4020000]
[023][0][10658000]
[023][1][56810048]
[023][2][C10000C0]
[023][3][92000000]
[024][0][A]
[024][1][6]
[024][2][2C]
[024][3][45]
[025][0][1]
[025][1][7]
[025][2][0]
[025][3][1]
[026][0][5]
[026][1][A]
[026][2][55]
[026][3][0]
[027][0][0]
[027][1][0]
[027][2][0]
[027][3][0]
[028][0][0]
[028][1][0]
[028][2][0]
[028][3][0]
[029][0][55]
[029][1][0]
[029][2][0]
[029][3][0]
[030][0][0]
[030][1][0]
[030][2][0]
[030][3][0]
[031][0][0]
[031][1][0]
[031][2][0]
[031][3][0]
[032][0][6]
[032][1][2C]
[032][2][45]
[032][3][1]
[033][0][7]
[033][1][0]
[033][2][1]
[033][3][5]
[034][0][A]
[034][1][55]
[034][2][0]
[034][3][0]
[035][0][C0500060]
[035][1][4B060000]
[035][2][4B010000]
[035][3][4B000000]
[036][0][4F0A0060]
[036][1][4F0D00E0]
[036][2][4C0A0004]
[036][3][C0BA0000]
[037][0][42BD0000]
[037][1][4C0D0004]
[037][2][4C060001]
[037][3][10658000]
[038][0][56810018]
[038][1][4B060000]
[038][2][4F0900E0]
[038][3][43970000]
[039][0][5070000]
[039][1][4C060001]
[039][2][4C090004]
[039][3][10658000]
[040][0][5681003C]
[040][1][8050000]
[040][2][C10000B0]
[040][3][92000000]
[041][0][A]
[041][1][6]
[041][2][2C]
[041][3][45]
[042][0][1]
[042][1][9]
[042][2][B0]
[042][3][1]
[043][0][7]
[043][1][AA]
[043][2][55]
[043][3][0]
[044][0][0]
[044][1][0]
[044][2][0]
[044][3][0]
[045][0][0]
[045][1][0]
[045][2][0]
[045][3][0]
[046][0][38]
[046][1][0]
[046][2][0]
[046][3][0]
[047][0][0]
[047][1][0]
[047][2][0]
[047][3][0]
[048][0][0]
[048][1][0]
[048][2][0]
[048][3][0]
[049][0][6]
[049][1][2C]
[049][2][45]
[049][3][1]
[050][0][9]
[050][1][B0]
[050][2][1]
[050][3][7]
[051][0][AA]
[051][1][55]
[051][2][0]
[051][3][0]
[052][0][C050004C]
[052][1][4B060000]
[052][2][4B000000]
[052][3][4B010000]
[053][0][4B020000]
[053][1][4B030001]
[053][2][4F07009C]
[053][3][C1270000]
[054][0][4C070004]
[054][1][4C060001]
[054][2][5320000]
[054][3][C1070000]
[055][0][4C070004]
[055][1][4C060001]
[055][2][4230000]
[055][3][4300000]
[056][0][10658000]
[056][1][56810028]
[056][2][92000000]
[056][3][0]
[057][0][B]
[057][1][0]
[057][2][0]
[057][3][0]
[058][0][0]
[058][1][0]
[058][2][0]
[058][3][0]
[059][0][0]
[059][1][0]
[059][2][0]
[059][3][0]
[060][0][0]
[060][1][0]
[060][2][0]
[060][3][0]
[061][0][0]
[061][1][0]
[061][2][0]
[061][3][0]
[062][0][0]
[062][1][1]
[062][2][2]
[062][3][3]
[063][0][5]
[063][1][8]
[063][2][D]
[063][3][15]
[064][0][22]
[064][1][37]
[064][2][59]
[064][3][0]
[065][0][0]
[065][1][0]
[065][2][0]
[065][3][0]
[066][0][0]
[066][1][0]
[066][2][0]
[066][3][0]
[067][0][0]
[067][1][0]
[067][2][0]
[067][3][0]
[068][0][C0500070]
[068][1][4B060000]
[068][2][4B010000]
[068][3][4B000000]
[069][0][4F0A0070]
[069][1][4F0D00F0]
[069][2][4C0A0004]
[069][3][C0BA0000]
[070][0][42BD0000]
[070][1][4C0D0004]
[070][2][4C060001]
[070][3][10658000]
[071][0][56810018]
[071][1][4B060000]
[071][2][4F0900F0]
[071][3][43900000]
[072][0][4C060001]
[072][1][4C090004]
[072][2][43920000]
[072][3][4C060001]
[073][0][4C090004]
[073][1][10028000]
[073][2][55810060]
[073][3][4020000]
[074][0][10658000]
[074][1][56810048]
[074][2][C10000C0]
[074][3][92000000]
[075][0][A]
[075][1][6]
[075][2][2C]
[075][3][45]
[076][0][1]
[076][1][17]
[076][2][0]
[076][3][1]
[077][0][5]
[077][1][AA]
[077][2][55]
[077][3][0]
[078][0][0]
[078][1][0]
[078][2][0]
[078][3][0]
[079][0][0]
[079][1][0]
[079][2][0]
[079][3][0]
[080][0][AA]
[080][1][0]
[080][2][0]
[080][3][0]
[081][0][0]
[081][1][0]
[081][2][0]
[081][3][0]
[082][0][0]
[082][1][0]
[082][2][0]
[082][3][0]
[083][0][6]
[083][1][2C]
[083][2][45]
[083][3][1]
[084][0][17]
[084][1][0]
[084][2][1]
[084][3][5]
[085][0][AA]
[085][1][55]
[085][2][0]
[085][3][0]
[086][0][C0500060]
[086][1][4B060000]
[086][2][4B010000]
[086][3][4B000000]
[087][0][4F0A0060]
[087][1][4F0D00E0]
[087][2][4C0A0004]
[087][3][C0BA0000]
[088][0][42BD0000]
[088][1][4C0D0004]
[088][2][4C060001]
[088][3][10658000]
[089][0][56810018]
[089][1][4B060000]
[089][2][4F0900E0]
[089][3][43970000]
[090][0][5070000]
[090][1][4C060001]
[090][2][4C090004]
[090][3][10658000]
[091][0][5681003C]
[091][1][8050000]
[091][2][C10000B0]
[091][3][92000000]
[092][0][A]
[092][1][D]
[092][2][2C]
[092][3][45]
[093][0][DE]
[093][1][9]
[093][2][B0]
[093][3][1]
[094][0][7]
[094][1][AA]
[094][2][55]
[094][3][0]
[095][0][0]
[095][1][0]
[095][2][0]
[095][3][0]
[096][0][0]
[096][1][0]
[096][2][0]
[096][3][0]
[097][0][4F]
[097][1][0]
[097][2][0]
[097][3][0]
[098][0][0]
[098][1][0]
[098][2][0]
[098][3][0]
[099][0][0]
[099][1][0]
[099][2][0]
[099][3][0]
[100][0][D]
[100][1][2C]
[100][2][45]
[100][3][DE]
[101][0][9]
[101][1][B0]
[101][2][1]
[101][3][7]
[102][0][AA]
[102][1][55]
[102][2][0]
[102][3][0]
[103][0][C050004C]
[103][1][4B060000]
[103][2][4B000000]
[103][3][4B010000]
[104][0][4B020000]
[104][1][4B030001]
[104][2][4F07009C]
[104][3][C1270000]
[105][0][4C070004]
[105][1][4C060001]
[105][2][5320000]
[105][3][C1070000]
[106][0][4C070004]
[106][1][4C060001]
[106][2][4023000]
[106][3][4002000]
[107][0][10658000]
[107][1][56810028]
[107][2][92000000]
[107][3][0]
[108][0][B]
[108][1][0]
[108][2][0]
[108][3][0]
[109][0][0]
[109][1][0]
[109][2][0]
[109][3][0]
[110][0][0]
[110][1][0]
[110][2][0]
[110][3][0]
[111][0][0]
[111][1][0]
[111][2][0]
[111][3][0]
[112][0][0]
[112][1][0]
[112][2][0]
[112][3][0]
[113][0][0]
[113][1][1]
[113][2][1]
[113][3][1]
[114][0][1]
[114][1][1]
[114][2][1]
[114][3][1]
[115][0][1]
[115][1][1]
[115][2][1]
[115][3][0]
[116][0][0]
[116][1][0]
[116][2][0]
[116][3][0]
[117][0][0]
[117][1][0]
[117][2][0]
[117][3][0]
[118][0][0]
[118][1][0]
[118][2][0]
[118][3][0]
[119][0][C050004C]
[119][1][4B060000]
[119][2][4B000000]
[119][3][4B010000]
[120][0][4B020000]
[120][1][4B030001]
[120][2][4F07009C]
[120][3][C1270000]
[121][0][4C070004]
[121][1][4C060001]
[121][2][5320000]
[121][3][C1070000]
[122][0][4C070004]
[122][1][4C060001]
[122][2][4230000]
[122][3][4300000]
[123][0][10658000]
[123][1][56810028]
[123][2][92000000]
[123][3][0]
[124][0][B]
[124][1][0]
[124][2][0]
[124][3][0]
[125][0][0]
[125][1][0]
[125][2][0]
[125][3][0]
[126][0][0]
[126][1][0]
[126][2][0]
[126][3][0]
[127][0][0]
[127][1][0]
[127][2][0]
[127][3][0]
[128][0][0]
[128][1][0]
[128][2][0]
[128][3][0]
[129][0][0]
[129][1][1]
[129][2][2]
[129][3][3]
[130][0][5]
[130][1][8]
[130][2][D]
[130][3][15]
[131][0][22]
[131][1][37]
[131][2][59]
[131][3][0]
[132][0][0]
[132][1][0]
[132][2][0]
[132][3][0]
[133][0][0]
[133][1][0]
[133][2][0]
[133][3][0]
[134][0][0]
[134][1][0]
[134][2][0]
[134][3][0]
[135][0][C0500060]
[135][1][4B060000]
[135][2][4B010000]
[135][3][4B000000]
[136][0][4F0A0060]
[136][1][4F0D00E0]
[136][2][4C0A0004]
[136][3][C0BA0000]
[137][0][42BD0000]
[137][1][4C0D0004]
[137][2][4C060001]
[137][3][10658000]
[138][0][56810018]
[138][1][4B060000]
[138][2][4F0900E0]
[138][3][43970000]
[139][0][5070000]
[139][1][4C060001]
[139][2][4C090004]
[139][3][10658000]
[140][0][5681003C]
[140][1][8050000]
[140][2][C10000B0]
[140][3][92000000]
[141][0][A]
[141][1][6]
[141][2][2C]
[141][3][45]
[142][0][1]
[142][1][9]
[142][2][B0]
[142][3][1]
[143][0][7]
[143][1][AA]
[143][2][55]
[143][3][0]
[144][0][0]
[144][1][0]
[144][2][0]
[144][3][0]
[145][0][0]
[145][1][0]
[145][2][0]
[145][3][0]
[146][0][38]
[146][1][0]
[146][2][0]
[146][3][0]
[147][0][0]
[147][1][0]
[147][2][0]
[147][3][0]
[148][0][0]
[148][1][0]
[148][2][0]
[148][3][0]
[149][0][6]
[149][1][2C]
[149][2][45]
[149][3][1]
[150][0][9]
[150][1][B0]
[150][2][1]
[150][3][7]
[151][0][AA]
[151][1][55]
[151][2][0]
[151][3][0]
[152][0][C0500070]
[152][1][4B060000]
[152][2][4B010000]
[152][3][4B000000]
[153][0][4F0A0070]
[153][1][4F0D00F0]
[153][2][4C0A0004]
[153][3][C0BA0000]
[154][0][42BD0000]
[154][1][4C0D0004]
[154][2][4C060001]
[154][3][10658000]
[155][0][56810018]
[155][1][4B060000]
[155][2][4F0900F0]
[155][3][43900000]
[156][0][4C060001]
[156][1][4C090004]
[156][2][43920000]
[156][3][4C060001]
[157][0][4C090004]
[157][1][10028000]
[157][2][55810060]
[157][3][4020000]
[158][0][10658000]
[158][1][56810048]
[158][2][C10000C0]
[158][3][92000000]
[159][0][A]
[159][1][6]
[159][2][2C]
[159][3][45]
[160][0][1]
[160][1][7]
[160][2][0]
[160][3][1]
[161][0][5]
[161][1][A]
[161][2][55]
[161][3][0]
[162][0][0]
[162][1][0]
[162][2][0]
[162][3][0]
[163][0][0]
[163][1][0]
[163][2][0]
[163][3][0]
[164][0][55]
[164][1][0]
[164][2][0]
[164][3][0]
[165][0][0]
[165][1][0]
[165][2][0]
[165][3][0]
[166][0][0]
[166][1][0]
[166][2][0]
[166][3][0]
[167][0][6]
[167][1][2C]
[167][2][45]
[167][3][1]
[168][0][7]
[168][1][0]
[168][2][1]
[168][3][5]
[169][0][A]
[169][1][55]
[169][2][0]
[169][3][0]
[170][0][C050005C]
[170][1][4B060000]
[170][2][4B010000]
[170][3][4B000000]
[171][0][4F0A005C]
[171][1][4F0D00DC]
[171][2][4C0A0004]
[171][3][C0BA0000]
[172][0][42BD0000]
[172][1][4C0D0004]
[172][2][4C060001]
[172][3][10658000]
[173][0][56810018]
[173][1][4B060000]
[173][2][4F0900DC]
[173][3][43970000]
[174][0][5070000]
[174][1][4C060001]
[174][2][4C090004]
[174][3][10658000]
[175][0][5681003C]
[175][1][C10000AC]
[175][2][92000000]
[175][3][0]
[176][0][A]
[176][1][6]
[176][2][2C]
[176][3][45]
[177][0][81]
[177][1][E7]
[177][2][C0]
[177][3][1]
[178][0][65]
[178][1][A]
[178][2][55]
[178][3][0]
[179][0][0]
[179][1][0]
[179][2][0]
[179][3][0]
[180][0][0]
[180][1][0]
[180][2][0]
[180][3][0]
[181][0][364]
[181][1][0]
[181][2][0]
[181][3][0]
[182][0][0]
[182][1][0]
[182][2][0]
[182][3][0]
[183][0][0]
[183][1][0]
[183][2][0]
[183][3][0]
[184][0][6]
[184][1][2C]
[184][2][45]
[184][3][81]
[185][0][E7]
[185][1][C0]
[185][2][1]
[185][3][65]
[186][0][A]
[186][1][55]
[186][2][0]
[186][3][0]
[187][0][C0500070]
[187][1][4B060000]
[187][2][4B010000]
[187][3][4B000000]
[188][0][4F0A0070]
[188][1][4F0D00F0]
[188][2][4C0A0004]
[188][3][C0BA0000]
[189][0][42BD0000]
[189][1][4C0D0004]
[189][2][4C060001]
[189][3][10658000]
[190][0][56810018]
[190][1][4B060000]
[190][2][4F0900F0]
[190][3][43900000]
[191][0][4C060001]
[191][1][4C090004]
[191][2][43920000]
[191][3][4C060001]
[192][0][4C090004]
[192][1][10028000]
[192][2][55810060]
[192][3][4020000]
[193][0][10658000]
[193][1][56810048]
[193][2][C10000C0]
[193][3][92000000]
[194][0][A]
[194][1][6]
[194][2][2C]
[194][3][45]
[195][0][E1]
[195][1][17]
[195][2][0]
[195][3][2]
[196][0][5]
[196][1][AA]
[196][2][55]
[196][3][0]
[197][0][0]
[197][1][0]
[197][2][0]
[197][3][0]
[198][0][0]
[198][1][0]
[198][2][0]
[198][3][0]
[199][0][E1]
[199][1][0]
[199][2][0]
[199][3][0]
[200][0][0]
[200][1][0]
[200][2][0]
[200][3][0]
[201][0][0]
[201][1][0]
[201][2][0]
[201][3][0]
[202][0][6]
[202][1][2C]
[202][2][45]
[202][3][E1]
[203][0][17]
[203][1][0]
[203][2][2]
[203][3][5]
[204][0][AA]
[204][1][55]
[204][2][0]
[204][3][0]
[205][0][C0500060]
[205][1][4B060000]
[205][2][4B010000]
[205][3][4B000000]
[206][0][4F0A0060]
[206][1][4F0D00E0]
[206][2][4C0A0004]
[206][3][C0BA0000]
[207][0][42BD0000]
[207][1][4C0D0004]
[207][2][4C060001]
[207][3][10658000]
[208][0][56810018]
[208][1][4B060000]
[208][2][4F0900E0]
[208][3][43970000]
[209][0][5070000]
[209][1][4C060001]
[209][2][4C090004]
[209][3][10658000]
[210][0][5681003C]
[210][1][8050000]
[210][2][C10000B0]
[210][3][92000000]
[211][0][A]
[211][1][6]
[211][2][2C]
[211][3][45]
[212][0][1]
[212][1][9]
[212][2][B0]
[212][3][1]
[213][0][7]
[213][1][AA]
[213][2][55]
[213][3][0]
[214][0][0]
[214][1][0]
[214][2][0]
[214][3][0]
[215][0][0]
[215][1][0]
[215][2][0]
[215][3][0]
[216][0][38]
[216][1][0]
[216][2][0]
[216][3][0]
[217][0][0]
[217][1][0]
[217][2][0]
[217][3][0]
[218][0][0]
[218][1][0]
[218][2][0]
[218][3][0]
[219][0][6]
[219][1][2C]
[219][2][45]
[219][3][1]
[220][0][9]
[220][1][B0]
[220][2][1]
[220][3][7]
[221][0][AA]
[221][1][55]
[221][2][0]
[221][3][0]
[222][0][C050004C]
[222][1][4B060000]
[222][2][4B000000]
[222][3][4B010000]
[223][0][4B020000]
[223][1][4B030001]
[223][2][4F07009C]
[223][3][C1270000]
[224][0][4C070004]
[224][1][4C060001]
[224][2][5320000]
[224][3][C1070000]
[225][0][4C070004]
[225][1][4C060001]
[225][2][4230000]
[225][3][4300000]
[226][0][10658000]
[226][1][56810028]
[226][2][92000000]
[226][3][0]
[227][0][9]
[227][1][0]
[227][2][0]
[227][3][0]
[228][0][0]
[228][1][0]
[228][2][0]
[228][3][0]
[229][0][0]
[229][1][0]
[229][2][0]
[229][3][0]
[230][0][0]
[230][1][0]
[230][2][0]
[230][3][0]
[231][0][0]
[231][1][0]
[231][2][0]
[231][3][0]
[232][0][0]
[232][1][1]
[232][2][2]
[232][3][3]
[233][0][5]
[233][1][8]
[233][2][D]
[233][3][15]
[234][0][22]
[234][1][0]
[234][2][0]
[234][3][0]
[235][0][0]
[235][1][0]
[235][2][0]
[235][3][0]
[236][0][0]
[236][1][0]
[236][2][0]
[236][3][0]
[237][0][0]
[237][1][0]
[237][2][0]
[237][3][0]
[238][0][C0500060]
[238][1][4B060000]
[238][2][4B010000]
[238][3][4B000000]
[239][0][4F0A0060]
[239][1][4F0D00E0]
[239][2][4C0A0004]
[239][3][C0BA0000]
[240][0][42BD0000]
[240][1][4C0D0004]
[240][2][4C060001]
[240][3][10658000]
[241][0][56810018]
[241][1][4B060000]
[241][2][4F0900E0]
[241][3][43970000]
[242][0][5070000]
[242][1][4C060001]
[242][2][4C090004]
[242][3][10658000]
[243][0][5681003C]
[243][1][8050000]
[243][2][C10000B0]
[243][3][92000000]
[244][0][9]
[244][1][6]
[244][2][2C]
[244][3][45]
[245][0][1]
[245][1][9]
[245][2][B0]
[245][3][1]
[246][0][7]
[246][1][AA]
[246][2][0]
[246][3][0]
[247][0][0]
[247][1][0]
[247][2][0]
[247][3][0]
[248][0][0]
[248][1][0]
[248][2][0]
[248][3][0]
[249][0][35]
[249][1][0]
[249][2][0]
[249][3][0]
[250][0][0]
[250][1][0]
[250][2][0]
[250][3][0]
[251][0][0]
[251][1][0]
[251][2][0]
[251][3][0]
[252][0][6]
[252][1][2C]
[252][2][45]
[252][3][1]
[253][0][9]
[253][1][B0]
[253][2][1]
[253][3][7]
[254][0][AA]
[254][1][0]
[254][2][0]
[254][3][0]
[255][0][C050004C]
[255][1][4B060000]
[255][2][4B000000]
[255][3][4B010000]
[256][0][4B020000]
[256][1][4B030001]
[256][2][4F07009C]
[256][3][C1270000]
[257][0][4C070004]
[257][1][4C060001]
[257][2][5320000]
[257][3][C1070000]
[258][0][4C070004]
[258][1][4C060001]
[258][2][4230000]
[258][3][4300000]
[259][0][10658000]
[259][1][56810028]
[259][2][92000000]
[259][3][0]
[260][0][4]
[260][1][0]
[260][2][0]
[260][3][0]
[261][0][0]
[261][1][0]
[261][2][0]
[261][3][0]
[262][0][0]
[262][1][0]
[262][2][0]
[262][3][0]
[263][0][0]
[263][1][0]
[263][2][0]
[263][3][0]
[264][0][0]
[264][1][0]
[264][2][0]
[264][3][0]
[265][0][0]
[265][1][1]
[265][2][2]
[265][3][3]
[266][0][0]
[266][1][0]
[266][2][0]
[266][3][0]
[267][0][0]
[267][1][0]
[267][2][0]
[267][3][0]
[268][0][0]
[268][1][0]
[268][2][0]
[268][3][0]
[269][0][0]
[269][1][0]
[269][2][0]
[269][3][0]
[270][0][0]
[270][1][0]
[270][2][0]
[270][3][0]
[271][0][C0500070]
[271][1][4B060000]
[271][2][4B010000]
[271][3][4B000000]
[272][0][4F0A0070]
[272][1][4F0D00F0]
[272][2][4C0A0004]
[272][3][C0BA0000]
[273][0][42BD0000]
[273][1][4C0D0004]
[273][2][4C060001]
[273][3][10658000]
[274][0][56810018]
[274][1][4B060000]
[274][2][4F0900F0]
[274][3][43900000]
[275][0][4C060001]
[275][1][4C090004]
[275][2][43920000]
[275][3][4C060001]
[276][0][4C090004]
[276][1][10028000]
[276][2][55810060]
[276][3][4020000]
[277][0][10658000]
[277][1][56810048]
[277][2][C10000C0]
[277][3][92000000]
[278][0][A]
[278][1][6]
[278][2][2C]
[278][3][45]
[279][0][B1]
[279][1][7]
[279][2][9C]
[279][3][1]
[280][0][45]
[280][1][A]
[280][2][55]
[280][3][0]
[281][0][0]
[281][1][0]
[281][2][0]
[281][3][0]
[282][0][0]
[282][1][0]
[282][2][0]
[282][3][0]
[283][0][B1]
[283][1][0]
[283][2][0]
[283][3][0]
[284][0][0]
[284][1][0]
[284][2][0]
[284][3][0]
[285][0][0]
[285][1][0]
[285][2][0]
[285][3][0]
[286][0][6]
[286][1][2C]
[286][2][45]
[286][3][B1]
[287][0][7]
[287][1][9C]
[287][2][1]
[287][3][45]
[288][0][A]
[288][1][55]
[288][2][0]
[288][3][0]
[289][0][C0500060]
[289][1][4B060000]
[289][2][4B010000]
[289][3][4B000000]
[290][0][4F0A0060]
[290][1][4F0D00E0]
[290][2][4C0A0004]
[290][3][C0BA0000]
[291][0][42BD0000]
[291][1][4C0D0004]
[291][2][4C060001]
[291][3][10658000]
[292][0][56810018]
[292][1][4B060000]
[292][2][4F0900E0]
[292][3][43970000]
[293][0][5070000]
[293][1][4C060001]
[293][2][4C090004]
[293][3][10658000]
[294][0][5681003C]
[294][1][8050000]
[294][2][C10000B0]
[294][3][92000000]
[295][0][A]
[295][1][6]
[295][2][2C]
[295][3][45]
[296][0][1]
[296][1][9]
[296][2][B0]
[296][3][1]
[297][0][7]
[297][1][AA]
[297][2][55]
[297][3][0]
[298][0][0]
[298][1][0]
[298][2][0]
[298][3][0]
[299][0][0]
[299][1][0]
[299][2][0]
[299][3][0]
[300][0][38]
[300][1][0]
[300][2][0]
[300][3][0]
[301][0][0]
[301][1][0]
[301][2][0]
[301][3][0]
[302][0][0]
[302][1][0]
[302][2][0]
[302][3][0]
[303][0][6]
[303][1][2C]
[303][2][45]
[303][3][1]
[304][0][9]
[304][1][B0]
[304][2][1]
[304][3][7]
[305][0][AA]
[305][1][55]
[305][2][0]
[305][3][0]
[306][0][C0500070]
[306][1][4B060000]
[306][2][4B010000]
[306][3][4B000000]
[307][0][4F0A0070]
[307][1][4F0D00F0]
[307][2][4C0A0004]
[307][3][C0BA0000]
[308][0][42BD0000]
[308][1][4C0D0004]
[308][2][4C060001]
[308][3][10658000]
[309][0][56810018]
[309][1][4B060000]
[309][2][4F0900F0]
[309][3][43900000]
[310][0][4C060001]
[310][1][4C090004]
[310][2][43920000]
[310][3][4C060001]
[311][0][4C090004]
[311][1][10028000]
[311][2][55810060]
[311][3][4020000]
[312][0][10658000]
[312][1][56810048]
[312][2][C10000C0]
[312][3][92000000]
[313][0][8]
[313][1][6]
[313][2][2C]
[313][3][45]
[314][0][1]
[314][1][7]
[314][2][0]
[314][3][1]
[315][0][5]
[315][1][0]
[315][2][0]
[315][3][0]
[316][0][0]
[316][1][0]
[316][2][0]
[316][3][0]
[317][0][0]
[317][1][0]
[317][2][0]
[317][3][0]
[318][0][45]
[318][1][0]
[318][2][0]
[318][3][0]
[319][0][0]
[319][1][0]
[319][2][0]
[319][3][0]
[320][0][0]
[320][1][0]
[320][2][0]
[320][3][0]
[321][0][6]
[321][1][2C]
[321][2][45]
[321][3][1]
[322][0][7]
[322][1][0]
[322][2][1]
[322][3][5]
[323][0][0]
[323][1][0]
[323][2][0]
[323][3][0]
[324][0][C0500060]
[324][1][4B060000]
[324][2][4B010000]
[324][3][4B000000]
[325][0][4F0A0060]
[325][1][4F0D00E0]
[325][2][4C0A0004]
[325][3][C0BA0000]
[326][0][42BD0000]
[326][1][4C0D0004]
[326][2][4C060001]
[326][3][10658000]
[327][0][56810018]
[327][1][4B060000]
[327][2][4F0900E0]
[327][3][43970000]
[328][0][5070000]
[328][1][4C060001]
[328][2][4C090004]
[328][3][10658000]
[329][0][5681003C]
[329][1][8050000]
[329][2][C10000B0]
[329][3][92000000]
[330][0][A]
[330][1][6]
[330][2][2C]
[330][3][45]
[331][0][1]
[331][1][9]
[331][2][B0]
[331][3][1]
[332][0][7]
[332][1][AA]
[332][2][55]
[332][3][0]
[333][0][0]
[333][1][0]
[333][2][0]
[333][3][0]
[334][0][0]
[334][1][0]
[334][2][0]
[334][3][0]
[335][0][38]
[335][1][0]
[335][2][0]
[335][3][0]
[336][0][0]
[336][1][0]
[336][2][0]
[336][3][0]
[337][0][0]
[337][1][0]
[337][2][0]
[337][3][0]
[338][0][6]
[338][1][2C]
[338][2][45]
[338][3][1]
[339][0][9]
[339][1][B0]
[339][2][1]
[339][3][7]
[340][0][AA]
[340][1][55]
[340][2][0]
[340][3][0]
[341][0][C050004C]
[341][1][4B060000]
[341][2][4B000000]
[341][3][4B010000]
[342][0][4B020000]
[342][1][4B030001]
[342][2][4F07009C]
[342][3][C1270000]
[343][0][4C070004]
[343][1][4C060001]
[343][2][5320000]
[343][3][C1070000]
[344][0][4C070004]
[344][1][4C060001]
[344][2][4230000]
[344][3][4300000]
[345][0][10658000]
[345][1][56810028]
[345][2][92000000]
[345][3][0]
[346][0][C]
[346][1][0]
[346][2][0]
[346][3][0]
[347][0][0]
[347][1][0]
[347][2][0]
[347][3][0]
[348][0][0]
[348][1][0]
[348][2][0]
[348][3][0]
[349][0][0]
[349][1][0]
[349][2][0]
[349][3][0]
[350][0][0]
[350][1][0]
[350][2][0]
[350][3][0]
[351][0][0]
[351][1][1]
[351][2][2]
[351][3][3]
[352][0][5]
[352][1][8]
[352][2][D]
[352][3][15]
[353][0][22]
[353][1][37]
[353][2][59]
[353][3][90]
[354][0][0]
[354][1][0]
[354][2][0]
[354][3][0]
[355][0][0]
[355][1][0]
[355][2][0]
[355][3][0]
[356][0][0]
[356][1][0]
[356][2][0]
[356][3][0]
[357][0][C0500070]
[357][1][4B060000]
[357][2][4B010000]
[357][3][4B000000]
[358][0][4F0A0070]
[358][1][4F0D00F0]
[358][2][4C0A0004]
[358][3][C0BA0000]
[359][0][42BD0000]
[359][1][4C0D0004]
[359][2][4C060001]
[359][3][10658000]
[360][0][56810018]
[360][1][4B060000]
[360][2][4F0900F0]
[360][3][43900000]
[361][0][4C060001]
[361][1][4C090004]
[361][2][43920000]
[361][3][4C060001]
[362][0][4C090004]
[362][1][10028000]
[362][2][55810060]
[362][3][4020000]
[363][0][10658000]
[363][1][56810048]
[363][2][C10000C0]
[363][3][92000000]
[364][0][A]
[364][1][6]
[364][2][2C]
[364][3][45]
[365][0][1]
[365][1][7]
[365][2][0]
[365][3][1]
[366][0][5]
[366][1][A]
[366][2][55]
[366][3][0]
[367][0][0]
[367][1][0]
[367][2][0]
[367][3][0]
[368][0][0]
[368][1][0]
[368][2][0]
[368][3][0]
[369][0][55]
[369][1][0]
[369][2][0]
[369][3][0]
[370][0][0]
[370][1][0]
[370][2][0]
[370][3][0]
[371][0][0]
[371][1][0]
[371][2][0]
[371][3][0]
[372][0][6]
[372][1][2C]
[372][2][45]
[372][3][1]
[373][0][7]
[373][1][0]
[373][2][1]
[373][3][5]
[374][0][A]
[374][1][55]
[374][2][0]
[374][3][0]
[375][0][C050005C]
[375][1][4B060000]
[375][2][4B010000]
[375][3][4B000000]
[376][0][4F0A005C]
[376][1][4F0D00DC]
[376][2][4C0A0004]
[376][3][C0BA0000]
[377][0][42BD0000]
[377][1][4C0D0004]
[377][2][4C060001]
[377][3][10658000]
[378][0][56810018]
[378][1][4B060000]
[378][2][4F0900DC]
[378][3][43970000]
[379][0][5070000]
[379][1][4C060001]
[379][2][4C090004]
[379][3][10658000]
[380][0][5681003C]
[380][1][C10000AC]
[380][2][92000000]
[380][3][0]
[381][0][9]
[381][1][6]
[381][2][2C]
[381][3][45]
[382][0][1]
[382][1][7]
[382][2][0]
[382][3][1]
[383][0][5]
[383][1][A]
[383][2][0]
[383][3][0]
[384][0][0]
[384][1][0]
[384][2][0]
[384][3][0]
[385][0][0]
[385][1][0]
[385][2][0]
[385][3][0]
[386][0][8F]
[386][1][0]
[386][2][0]
[386][3][0]
[387][0][0]
[387][1][0]
[387][2][0]
[387][3][0]
[388][0][0]
[388][1][0]
[388][2][0]
[388][3][0]
[389][0][6]
[389][1][2C]
[389][2][45]
[389][3][1]
[390][0][7]
[390][1][0]
[390][2][1]
[390][3][5]
[391][0][A]
[391][1][0]
[391][2][0]
[391][3][0]
[392][0][C0500060]
[392][1][4B060000]
[392][2][4B010000]
[392][3][4B000000]
[393][0][4F0A0060]
[393][1][4F0D00E0]
[393][2][4C0A0004]
[393][3][C0BA0000]
[394][0][42BD0000]
[394][1][4C0D0004]
[394][2][4C060001]
[394][3][10658000]
[395][0][56810018]
[395][1][4B060000]
[395][2][4F0900E0]
[395][3][43970000]
[396][0][5070000]
[396][1][4C060001]
[396][2][4C090004]
[396][3][10658000]
[397][0][5681003C]
[397][1][8050000]
[397][2][C10000B0]
[397][3][92000000]
[398][0][A]
[398][1][6]
[398][2][2C]
[398][3][45]
[399][0][1]
[399][1][9]
[399][2][B0]
[399][3][1]
[400][0][7]
[400][1][AA]
[400][2][55]
[400][3][0]
[401][0][0]
[401][1][0]
[401][2][0]
[401][3][0]
[402][0][0]
[402][1][0]
[402][2][0]
[402][3][0]
[403][0][38]
[403][1][0]
[403][2][0]
[403][3][0]
[404][0][0]
[404][1][0]
[404][2][0]
[404][3][0]
[405][0][0]
[405][1][0]
[405][2][0]
[405][3][0]
[406][0][6]
[406][1][2C]
[406][2][45]
[406][3][1]
[407][0][9]
[407][1][B0]
[407][2][1]
[407][3][7]
[408][0][AA]
[408][1][55]
[408][2][0]
[408][3][0]
[409][0][C050005C]
[409][1][4B060000]
[409][2][4B010000]
[409][3][4B000000]
[410][0][4F0A005C]
[410][1][4F0D00DC]
[410][2][4C0A0004]
[410][3][C0BA0000]
[411][0][42BD0000]
[411][1][4C0D0004]
[411][2][4C060001]
[411][3][10658000]
[412][0][56810018]
[412][1][4B060000]
[412][2][4F0900DC]
[412][3][43970000]
[413][0][5070000]
[413][1][4C060001]
[413][2][4C090004]
[413][3][10658000]
[414][0][5681003C]
[414][1][C10000AC]
[414][2][92000000]
[414][3][0]
[415][0][5]
[415][1][6]
[415][2][2C]
[415][3][45]
[416][0][1]
[416][1][7]
[416][2][0]
[416][3][0]
[417][0][0]
[417][1][0]
[417][2][0]
[417][3][0]
[418][0][0]
[418][1][0]
[418][2][0]
[418][3][0]
[419][0][0]
[419][1][0]
[419][2][0]
[419][3][0]
[420][0][7F]
[420][1][0]
[420][2][0]
[420][3][0]
[421][0][0]
[421][1][0]
[421][2][0]
[421][3][0]
[422][0][0]
[422][1][0]
[422][2][0]
[422][3][0]
[423][0][6]
[423][1][2C]
[423][2][45]
[423][3][1]
[424][0][7]
[424][1][0]
[424][2][0]
[424][3][0]
[425][0][0]
[425][1][0]
[425][2][0]
[425][3][0]
[426][0][C050004C]
[426][1][4B060000]
[426][2][4B000000]
[426][3][4B010000]
[427][0][4B020000]
[427][1][4B030001]
[427][2][4F07009C]
[427][3][C1270000]
[428][0][4C070004]
[428][1][4C060001]
[428][2][5320000]
[428][3][C1070000]
[429][0][4C070004]
[429][1][4C060001]
[429][2][4230000]
[429][3][4300000]
[430][0][10658000]
[430][1][56810028]
[430][2][92000000]
[430][3][0]
[431][0][7]
[431][1][0]
[431][2][0]
[431][3][0]
[432][0][0]
[432][1][0]
[432][2][0]
[432][3][0]
[433][0][0]
[433][1][0]
[433][2][0]
[433][3][0]
[434][0][0]
[434][1][0]
[434][2][0]
[434][3][0]
[435][0][0]
[435][1][0]
[435][2][0]
[435][3][0]
[436][0][0]
[436][1][1]
[436][2][2]
[436][3][3]
[437][0][5]
[437][1][8]
[437][2][D]
[437][3][0]
[438][0][0]
[438][1][0]
[438][2][0]
[438][3][0]
[439][0][0]
[439][1][0]
[439][2][0]
[439][3][0]
[440][0][0]
[440][1][0]
[440][2][0]
[440][3][0]
[441][0][0]
[441][1][0]
[441][2][0]
[441][3][0]
[442][0][C050005C]
[442][1][4B060000]
[442][2][4B010000]
[442][3][4B000000]
[443][0][4F0A005C]
[443][1][4F0D00DC]
[443][2][4C0A0004]
[443][3][C0BA0000]
[444][0][42BD0000]
[444][1][4C0D0004]
[444][2][4C060001]
[444][3][10658000]
[445][0][56810018]
[445][1][4B060000]
[445][2][4F0900DC]
[445][3][43970000]
[446][0][5070000]
[446][1][4C060001]
[446][2][4C090004]
[446][3][10658000]
[447][0][5681003C]
[447][1][C10000AC]
[447][2][92000000]
[447][3][0]
[448][0][A]
[448][1][6]
[448][2][2C]
[448][3][45]
[449][0][1]
[449][1][7]
[449][2][0]
[449][3][1]
[450][0][5]
[450][1][A]
[450][2][55]
[450][3][0]
[451][0][0]
[451][1][0]
[451][2][0]
[451][3][0]
[452][0][0]
[452][1][0]
[452][2][0]
[452][3][0]
[453][0][E4]
[453][1][0]
[453][2][0]
[453][3][0]
[454][0][0]
[454][1][0]
[454][2][0]
[454][3][0]
[455][0][0]
[455][1][0]
[455][2][0]
[455][3][0]
[456][0][6]
[456][1][2C]
[456][2][45]
[456][3][1]
[457][0][7]
[457][1][0]
[457][2][1]
[457][3][5]
[458][0][A]
[458][1][55]
[458][2][0]
[458][3][0]
[459][0][C0500070]
[459][1][4B060000]
[459][2][4B010000]
[459][3][4B000000]
[460][0][4F0A0070]
[460][1][4F0D00F0]
[460][2][4C0A0004]
[460][3][C0BA0000]
[461][0][42BD0000]
[461][1][4C0D0004]
[461][2][4C060001]
[461][3][10658000]
[462][0][56810018]
[462][1][4B060000]
[462][2][4F0900F0]
[462][3][43900000]
[463][0][4C060001]
[463][1][4C090004]
[463][2][43920000]
[463][3][4C060001]
[464][0][4C090004]
[464][1][10028000]
[464][2][55810060]
[464][3][4020000]
[465][0][10658000]
[465][1][56810048]
[465][2][C10000C0]
[465][3][92000000]
[466][0][A]
[466][1][6]
[466][2][2C]
[466][3][45]
[467][0][1]
[467][1][7]
[467][2][0]
[467][3][E1]
[468][0][5]
[468][1][A]
[468][2][55]
[468][3][0]
[469][0][0]
[469][1][0]
[469][2][0]
[469][3][0]
[470][0][0]
[470][1][0]
[470][2][0]
[470][3][0]
[471][0][E1]
[471][1][0]
[471][2][0]
[471][3][0]
[472][0][0]
[472][1][0]
[472][2][0]
[472][3][0]
[473][0][0]
[473][1][0]
[473][2][0]
[473][3][0]
[474][0][6]
[474][1][2C]
[474][2][45]
[474][3][1]
[475][0][7]
[475][1][0]
[475][2][E1]
[475][3][5]
[476][0][A]
[476][1][55]
[476][2][0]
[476][3][0]
[477][0][C0500060]
[477][1][4B060000]
[477][2][4B010000]
[477][3][4B000000]
[478][0][4F0A0060]
[478][1][4F0D00E0]
[478][2][4C0A0004]
[478][3][C0BA0000]
[479][0][42BD0000]
[479][1][4C0D0004]
[479][2][4C060001]
[479][3][10658000]
[480][0][56810018]
[480][1][4B060000]
[480][2][4F0900E0]
[480][3][43970000]
[481][0][5070000]
[481][1][4C060001]
[481][2][4C090004]
[481][3][10658000]
[482][0][5681003C]
[482][1][8050000]
[482][2][C10000B0]
[482][3][92000000]
[483][0][A]
[483][1][6]
[483][2][2C]
[483][3][45]
[484][0][1]
[484][1][9]
[484][2][B0]
[484][3][11]
[485][0][E7]
[485][1][AA]
[485][2][55]
[485][3][0]
[486][0][0]
[486][1][0]
[486][2][0]
[486][3][0]
[487][0][0]
[487][1][0]
[487][2][0]
[487][3][0]
[488][0][50]
[488][1][0]
[488][2][0]
[488][3][0]
[489][0][0]
[489][1][0]
[489][2][0]
[489][3][0]
[490][0][0]
[490][1][0]
[490][2][0]
[490][3][0]
[491][0][6]
[491][1][2C]
[491][2][45]
[491][3][1]
[492][0][9]
[492][1][B0]
[492][2][11]
[492][3][E7]
[493][0][AA]
[493][1][55]
[493][2][0]
[493][3][0]
[494][0][C050004C]
[494][1][4B060000]
[494][2][4B000000]
[494][3][4B010000]
[495][0][4B020000]
[495][1][4B030001]
[495][2][4F07009C]
[495][3][C1270000]
[496][0][4C070004]
[496][1][4C060001]
[496][2][5320000]
[496][3][C1070000]
[497][0][4C070004]
[497][1][4C060001]
[497][2][4230000]
[497][3][4300000]
[498][0][10658000]
[498][1][56810028]
[498][2][92000000]
[498][3][0]
[499][0][A]
[499][1][0]
[499][2][0]
[499][3][0]
[500][0][0]
[500][1][0]
[500][2][0]
[500][3][0]
[501][0][0]
[501][1][0]
[501][2][0]
[501][3][0]
[502][0][0]
[502][1][0]
[502][2][0]
[502][3][0]
[503][0][0]
[503][1][0]
[503][2][0]
[503][3][0]
[504][0][0]
[504][1][1]
[504][2][2]
[504][3][3]
[505][0][5]
[505][1][8]
[505][2][D]
[505][3][15]
[506][0][22]
[506][1][37]
[506][2][0]
[506][3][0]
[507][0][0]
[507][1][0]
[507][2][0]
[507][3][0]
[508][0][0]
[508][1][0]
[508][2][0]
[508][3][0]
[509][0][0]
[509][1][0]
[509][2][0]
[509][3][0]
[510][0][0]
[510][1][0]
[510][2][0]
[510][3][0]
[511][0][0]
[511][1][0]
[511][2][0]
[511][3][0]
