[080][0][C050004C]
[080][1][4B060000]
[080][2][4B000000]
[080][3][4B010000]
[081][0][4B020000]
[081][1][4B030001]
[081][2][4F07009C]
[081][3][C1270000]
[082][0][4C070004]
[082][1][4C060001]
[082][2][5320000]
[082][3][C1070000]
[083][0][4C070004]
[083][1][4C060001]
[083][2][4230000]
[083][3][4300000]
[009][0][10658000]
[009][1][56810028]
[009][2][92000000]
[009][3][0]
[001][0][C]
[001][1][0]
[001][2][0]
[001][3][0]
[257][0][0]
[257][1][0]
[257][2][0]
[257][3][0]
[257][0][0]
[257][1][0]
[257][2][0]
[257][3][0]
[257][0][0]
[257][1][0]
[257][2][0]
[257][3][0]
[257][0][0]
[257][1][0]
[257][2][0]
[257][3][0]
[005][0][0]
[005][1][1]
[005][2][2]
[005][3][3]
[000][0][5]
[000][1][8]
[000][2][D]
[000][3][15]
[002][0][22]
[002][1][37]
[002][2][59]
[002][3][90]
[257][0][0]
[257][1][0]
[257][2][0]
[257][3][0]
[257][0][0]
[257][1][0]
[257][2][0]
[257][3][0]
[257][0][0]
[257][1][0]
[257][2][0]
[257][3][0]
[257][0][0]
[257][1][0]
[257][2][0]
[257][3][0]
