[040][0][C050005C]
[040][1][4B060000]
[040][2][4B010000]
[040][3][4B000000]
[041][0][4F0A005C]
[041][1][4F0D00DC]
[041][2][4C0A0004]
[041][3][C0BA0000]
[042][0][42BD0000]
[042][1][4C0D0004]
[042][2][4C060001]
[042][3][10658000]
[043][0][56810018]
[043][1][4B060000]
[043][2][4F0900DC]
[043][3][43970000]
[004][0][5070000]
[004][1][4C060001]
[004][2][4C090004]
[004][3][10658000]
[007][0][5681003C]
[007][1][C10000AC]
[007][2][92000000]
[007][3][0]
[001][0][A]
[001][1][6]
[001][2][2C]
[001][3][45]
[006][0][81]
[006][1][E7]
[006][2][C0]
[006][3][1]
[014][0][65]
[014][1][A]
[014][2][55]
[014][3][0]
[257][0][0]
[257][1][0]
[257][2][0]
[257][3][0]
[257][0][0]
[257][1][0]
[257][2][0]
[257][3][0]
[009][0][364]
[009][1][0]
[009][2][0]
[009][3][0]
[257][0][0]
[257][1][0]
[257][2][0]
[257][3][0]
[257][0][0]
[257][1][0]
[257][2][0]
[257][3][0]
[003][0][6]
[003][1][2C]
[003][2][45]
[003][3][81]
[010][0][E7]
[010][1][C0]
[010][2][1]
[010][3][65]
[000][0][A]
[000][1][55]
[000][2][0]
[000][3][0]
[257][0][0]
[257][1][0]
[257][2][0]
[257][3][0]
