[064][0][C0500070]
[064][1][4B060000]
[064][2][4B010000]
[064][3][4B000000]
[065][0][4F0A0070]
[065][1][4F0D00F0]
[065][2][4C0A0004]
[065][3][C0BA0000]
[066][0][42BD0000]
[066][1][4C0D0004]
[066][2][4C060001]
[066][3][10658000]
[067][0][56810018]
[067][1][4B060000]
[067][2][4F0900F0]
[067][3][43900000]
[011][0][4C060001]
[011][1][4C090004]
[011][2][43920000]
[011][3][4C060001]
[013][0][4C090004]
[013][1][10028000]
[013][2][55810060]
[013][3][4020000]
[015][0][10658000]
[015][1][56810048]
[015][2][C10000C0]
[015][3][92000000]
[000][0][A]
[000][1][6]
[000][2][2C]
[000][3][45]
[003][0][B1]
[003][1][7]
[003][2][9C]
[003][3][1]
[007][0][45]
[007][1][A]
[007][2][55]
[007][3][0]
[257][0][0]
[257][1][0]
[257][2][0]
[257][3][0]
[257][0][0]
[257][1][0]
[257][2][0]
[257][3][0]
[018][0][B1]
[018][1][0]
[018][2][0]
[018][3][0]
[257][0][0]
[257][1][0]
[257][2][0]
[257][3][0]
[257][0][0]
[257][1][0]
[257][2][0]
[257][3][0]
[001][0][6]
[001][1][2C]
[001][2][45]
[001][3][B1]
[005][0][7]
[005][1][9C]
[005][2][1]
[005][3][45]
[009][0][A]
[009][1][55]
[009][2][0]
[009][3][0]
[257][0][0]
[257][1][0]
[257][2][0]
[257][3][0]
