[100][0][C050004C]
[100][1][4B060000]
[100][2][4B000000]
[100][3][4B010000]
[101][0][4B020000]
[101][1][4B030001]
[101][2][4F07009C]
[101][3][C1270000]
[102][0][4C070004]
[102][1][4C060001]
[102][2][5320000]
[102][3][C1070000]
[103][0][4C070004]
[103][1][4C060001]
[103][2][4230000]
[103][3][4300000]
[001][0][10658000]
[001][1][56810028]
[001][2][92000000]
[001][3][0]
[003][0][7]
[003][1][0]
[003][2][0]
[003][3][0]
[257][0][0]
[257][1][0]
[257][2][0]
[257][3][0]
[257][0][0]
[257][1][0]
[257][2][0]
[257][3][0]
[257][0][0]
[257][1][0]
[257][2][0]
[257][3][0]
[257][0][0]
[257][1][0]
[257][2][0]
[257][3][0]
[000][0][0]
[000][1][1]
[000][2][2]
[000][3][3]
[002][0][5]
[002][1][8]
[002][2][D]
[002][3][0]
[257][0][0]
[257][1][0]
[257][2][0]
[257][3][0]
[257][0][0]
[257][1][0]
[257][2][0]
[257][3][0]
[257][0][0]
[257][1][0]
[257][2][0]
[257][3][0]
[257][0][0]
[257][1][0]
[257][2][0]
[257][3][0]
[257][0][0]
[257][1][0]
[257][2][0]
[257][3][0]
