[028][0][C050004C]
[028][1][4B060000]
[028][2][4B000000]
[028][3][4B010000]
[029][0][4B020000]
[029][1][4B030001]
[029][2][4F07009C]
[029][3][C1270000]
[030][0][4C070004]
[030][1][4C060001]
[030][2][5320000]
[030][3][C1070000]
[031][0][4C070004]
[031][1][4C060001]
[031][2][4230000]
[031][3][4300000]
[002][0][10658000]
[002][1][56810028]
[002][2][92000000]
[002][3][0]
[000][0][B]
[000][1][0]
[000][2][0]
[000][3][0]
[257][0][0]
[257][1][0]
[257][2][0]
[257][3][0]
[257][0][0]
[257][1][0]
[257][2][0]
[257][3][0]
[257][0][0]
[257][1][0]
[257][2][0]
[257][3][0]
[257][0][0]
[257][1][0]
[257][2][0]
[257][3][0]
[001][0][0]
[001][1][1]
[001][2][2]
[001][3][3]
[003][0][5]
[003][1][8]
[003][2][D]
[003][3][15]
[004][0][22]
[004][1][37]
[004][2][59]
[004][3][0]
[257][0][0]
[257][1][0]
[257][2][0]
[257][3][0]
[257][0][0]
[257][1][0]
[257][2][0]
[257][3][0]
[257][0][0]
[257][1][0]
[257][2][0]
[257][3][0]
[257][0][0]
[257][1][0]
[257][2][0]
[257][3][0]
