[112][0][C0500060]
[112][1][4B060000]
[112][2][4B010000]
[112][3][4B000000]
[113][0][4F0A0060]
[113][1][4F0D00E0]
[113][2][4C0A0004]
[113][3][C0BA0000]
[114][0][42BD0000]
[114][1][4C0D0004]
[114][2][4C060001]
[114][3][10658000]
[115][0][56810018]
[115][1][4B060000]
[115][2][4F0900E0]
[115][3][43970000]
[011][0][5070000]
[011][1][4C060001]
[011][2][4C090004]
[011][3][10658000]
[002][0][5681003C]
[002][1][8050000]
[002][2][C10000B0]
[002][3][92000000]
[000][0][A]
[000][1][6]
[000][2][2C]
[000][3][45]
[003][0][1]
[003][1][9]
[003][2][B0]
[003][3][11]
[007][0][E7]
[007][1][AA]
[007][2][55]
[007][3][0]
[257][0][0]
[257][1][0]
[257][2][0]
[257][3][0]
[257][0][0]
[257][1][0]
[257][2][0]
[257][3][0]
[004][0][50]
[004][1][0]
[004][2][0]
[004][3][0]
[257][0][0]
[257][1][0]
[257][2][0]
[257][3][0]
[257][0][0]
[257][1][0]
[257][2][0]
[257][3][0]
[001][0][6]
[001][1][2C]
[001][2][45]
[001][3][1]
[005][0][9]
[005][1][B0]
[005][2][11]
[005][3][E7]
[009][0][AA]
[009][1][55]
[009][2][0]
[009][3][0]
[257][0][0]
[257][1][0]
[257][2][0]
[257][3][0]
