[016][0][C0500070]
[016][1][4B060000]
[016][2][4B010000]
[016][3][4B000000]
[017][0][4F0A0070]
[017][1][4F0D00F0]
[017][2][4C0A0004]
[017][3][C0BA0000]
[018][0][42BD0000]
[018][1][4C0D0004]
[018][2][4C060001]
[018][3][10658000]
[019][0][56810018]
[019][1][4B060000]
[019][2][4F0900F0]
[019][3][43900000]
[003][0][4C060001]
[003][1][4C090004]
[003][2][43920000]
[003][3][4C060001]
[005][0][4C090004]
[005][1][10028000]
[005][2][55810060]
[005][3][4020000]
[007][0][10658000]
[007][1][56810048]
[007][2][C10000C0]
[007][3][92000000]
[002][0][A]
[002][1][6]
[002][2][2C]
[002][3][45]
[006][0][1]
[006][1][17]
[006][2][0]
[006][3][1]
[000][0][5]
[000][1][AA]
[000][2][55]
[000][3][0]
[257][0][0]
[257][1][0]
[257][2][0]
[257][3][0]
[257][0][0]
[257][1][0]
[257][2][0]
[257][3][0]
[009][0][AA]
[009][1][0]
[009][2][0]
[009][3][0]
[257][0][0]
[257][1][0]
[257][2][0]
[257][3][0]
[257][0][0]
[257][1][0]
[257][2][0]
[257][3][0]
[004][0][6]
[004][1][2C]
[004][2][45]
[004][3][1]
[008][0][17]
[008][1][0]
[008][2][1]
[008][3][5]
[001][0][AA]
[001][1][55]
[001][2][0]
[001][3][0]
[257][0][0]
[257][1][0]
[257][2][0]
[257][3][0]
