[032][0][C0500060]
[032][1][4B060000]
[032][2][4B010000]
[032][3][4B000000]
[033][0][4F0A0060]
[033][1][4F0D00E0]
[033][2][4C0A0004]
[033][3][C0BA0000]
[034][0][42BD0000]
[034][1][4C0D0004]
[034][2][4C060001]
[034][3][10658000]
[035][0][56810018]
[035][1][4B060000]
[035][2][4F0900E0]
[035][3][43970000]
[008][0][5070000]
[008][1][4C060001]
[008][2][4C090004]
[008][3][10658000]
[010][0][5681003C]
[010][1][8050000]
[010][2][C10000B0]
[010][3][92000000]
[000][0][A]
[000][1][6]
[000][2][2C]
[000][3][45]
[002][0][1]
[002][1][9]
[002][2][B0]
[002][3][1]
[004][0][7]
[004][1][AA]
[004][2][55]
[004][3][0]
[257][0][0]
[257][1][0]
[257][2][0]
[257][3][0]
[257][0][0]
[257][1][0]
[257][2][0]
[257][3][0]
[012][0][38]
[012][1][0]
[012][2][0]
[012][3][0]
[257][0][0]
[257][1][0]
[257][2][0]
[257][3][0]
[257][0][0]
[257][1][0]
[257][2][0]
[257][3][0]
[001][0][6]
[001][1][2C]
[001][2][45]
[001][3][1]
[003][0][9]
[003][1][B0]
[003][2][1]
[003][3][7]
[006][0][AA]
[006][1][55]
[006][2][0]
[006][3][0]
[257][0][0]
[257][1][0]
[257][2][0]
[257][3][0]
