[108][0][C0500070]
[108][1][4B060000]
[108][2][4B010000]
[108][3][4B000000]
[109][0][4F0A0070]
[109][1][4F0D00F0]
[109][2][4C0A0004]
[109][3][C0BA0000]
[110][0][42BD0000]
[110][1][4C0D0004]
[110][2][4C060001]
[110][3][10658000]
[111][0][56810018]
[111][1][4B060000]
[111][2][4F0900F0]
[111][3][43900000]
[014][0][4C060001]
[014][1][4C090004]
[014][2][43920000]
[014][3][4C060001]
[016][0][4C090004]
[016][1][10028000]
[016][2][55810060]
[016][3][4020000]
[000][0][10658000]
[000][1][56810048]
[000][2][C10000C0]
[000][3][92000000]
[002][0][A]
[002][1][6]
[002][2][2C]
[002][3][45]
[006][0][1]
[006][1][7]
[006][2][0]
[006][3][E1]
[010][0][5]
[010][1][A]
[010][2][55]
[010][3][0]
[257][0][0]
[257][1][0]
[257][2][0]
[257][3][0]
[257][0][0]
[257][1][0]
[257][2][0]
[257][3][0]
[001][0][E1]
[001][1][0]
[001][2][0]
[001][3][0]
[257][0][0]
[257][1][0]
[257][2][0]
[257][3][0]
[257][0][0]
[257][1][0]
[257][2][0]
[257][3][0]
[004][0][6]
[004][1][2C]
[004][2][45]
[004][3][1]
[008][0][7]
[008][1][0]
[008][2][E1]
[008][3][5]
[012][0][A]
[012][1][55]
[012][2][0]
[012][3][0]
[257][0][0]
[257][1][0]
[257][2][0]
[257][3][0]
