[056][0][C0500060]
[056][1][4B060000]
[056][2][4B010000]
[056][3][4B000000]
[057][0][4F0A0060]
[057][1][4F0D00E0]
[057][2][4C0A0004]
[057][3][C0BA0000]
[058][0][42BD0000]
[058][1][4C0D0004]
[058][2][4C060001]
[058][3][10658000]
[059][0][56810018]
[059][1][4B060000]
[059][2][4F0900E0]
[059][3][43970000]
[004][0][5070000]
[004][1][4C060001]
[004][2][4C090004]
[004][3][10658000]
[008][0][5681003C]
[008][1][8050000]
[008][2][C10000B0]
[008][3][92000000]
[001][0][9]
[001][1][6]
[001][2][2C]
[001][3][45]
[005][0][1]
[005][1][9]
[005][2][B0]
[005][3][1]
[009][0][7]
[009][1][AA]
[009][2][0]
[009][3][0]
[257][0][0]
[257][1][0]
[257][2][0]
[257][3][0]
[257][0][0]
[257][1][0]
[257][2][0]
[257][3][0]
[011][0][35]
[011][1][0]
[011][2][0]
[011][3][0]
[257][0][0]
[257][1][0]
[257][2][0]
[257][3][0]
[257][0][0]
[257][1][0]
[257][2][0]
[257][3][0]
[003][0][6]
[003][1][2C]
[003][2][45]
[003][3][1]
[007][0][9]
[007][1][B0]
[007][2][1]
[007][3][7]
[000][0][AA]
[000][1][0]
[000][2][0]
[000][3][0]
[257][0][0]
[257][1][0]
[257][2][0]
[257][3][0]
