[008][0][C0500060]
[008][1][4B060000]
[008][2][4B010000]
[008][3][4B000000]
[009][0][4F0A0060]
[009][1][4F0D00E0]
[009][2][4C0A0004]
[009][3][C0BA0000]
[010][0][42BD0000]
[010][1][4C0D0004]
[010][2][4C060001]
[010][3][10658000]
[011][0][56810018]
[011][1][4B060000]
[011][2][4F0900E0]
[011][3][43970000]
[140][0][5070000]
[140][1][4C060001]
[140][2][4C090004]
[140][3][10658000]
[143][0][5681003C]
[143][1][8050000]
[143][2][C10000B0]
[143][3][92000000]
[122][0][A]
[122][1][6]
[122][2][2C]
[122][3][45]
[128][0][1]
[128][1][9]
[128][2][B0]
[128][3][1]
[134][0][7]
[134][1][AA]
[134][2][55]
[134][3][0]
[257][0][0]
[257][1][0]
[257][2][0]
[257][3][0]
[257][0][0]
[257][1][0]
[257][2][0]
[257][3][0]
[146][0][38]
[146][1][0]
[146][2][0]
[146][3][0]
[257][0][0]
[257][1][0]
[257][2][0]
[257][3][0]
[257][0][0]
[257][1][0]
[257][2][0]
[257][3][0]
[125][0][6]
[125][1][2C]
[125][2][45]
[125][3][1]
[131][0][9]
[131][1][B0]
[131][2][1]
[131][3][7]
[137][0][AA]
[137][1][55]
[137][2][0]
[137][3][0]
[257][0][0]
[257][1][0]
[257][2][0]
[257][3][0]
