[096][0][C050005C]
[096][1][4B060000]
[096][2][4B010000]
[096][3][4B000000]
[097][0][4F0A005C]
[097][1][4F0D00DC]
[097][2][4C0A0004]
[097][3][C0BA0000]
[098][0][42BD0000]
[098][1][4C0D0004]
[098][2][4C060001]
[098][3][10658000]
[099][0][56810018]
[099][1][4B060000]
[099][2][4F0900DC]
[099][3][43970000]
[009][0][5070000]
[009][1][4C060001]
[009][2][4C090004]
[009][3][10658000]
[011][0][5681003C]
[011][1][C10000AC]
[011][2][92000000]
[011][3][0]
[001][0][5]
[001][1][6]
[001][2][2C]
[001][3][45]
[005][0][1]
[005][1][7]
[005][2][0]
[005][3][0]
[257][0][0]
[257][1][0]
[257][2][0]
[257][3][0]
[257][0][0]
[257][1][0]
[257][2][0]
[257][3][0]
[257][0][0]
[257][1][0]
[257][2][0]
[257][3][0]
[013][0][7F]
[013][1][0]
[013][2][0]
[013][3][0]
[257][0][0]
[257][1][0]
[257][2][0]
[257][3][0]
[257][0][0]
[257][1][0]
[257][2][0]
[257][3][0]
[003][0][6]
[003][1][2C]
[003][2][45]
[003][3][1]
[007][0][7]
[007][1][0]
[007][2][0]
[007][3][0]
[257][0][0]
[257][1][0]
[257][2][0]
[257][3][0]
[257][0][0]
[257][1][0]
[257][2][0]
[257][3][0]
