[092][0][C0500060]
[092][1][4B060000]
[092][2][4B010000]
[092][3][4B000000]
[093][0][4F0A0060]
[093][1][4F0D00E0]
[093][2][4C0A0004]
[093][3][C0BA0000]
[094][0][42BD0000]
[094][1][4C0D0004]
[094][2][4C060001]
[094][3][10658000]
[095][0][56810018]
[095][1][4B060000]
[095][2][4F0900E0]
[095][3][43970000]
[012][0][5070000]
[012][1][4C060001]
[012][2][4C090004]
[012][3][10658000]
[014][0][5681003C]
[014][1][8050000]
[014][2][C10000B0]
[014][3][92000000]
[000][0][A]
[000][1][6]
[000][2][2C]
[000][3][45]
[004][0][1]
[004][1][9]
[004][2][B0]
[004][3][1]
[008][0][7]
[008][1][AA]
[008][2][55]
[008][3][0]
[257][0][0]
[257][1][0]
[257][2][0]
[257][3][0]
[257][0][0]
[257][1][0]
[257][2][0]
[257][3][0]
[001][0][38]
[001][1][0]
[001][2][0]
[001][3][0]
[257][0][0]
[257][1][0]
[257][2][0]
[257][3][0]
[257][0][0]
[257][1][0]
[257][2][0]
[257][3][0]
[002][0][6]
[002][1][2C]
[002][2][45]
[002][3][1]
[006][0][9]
[006][1][B0]
[006][2][1]
[006][3][7]
[010][0][AA]
[010][1][55]
[010][2][0]
[010][3][0]
[257][0][0]
[257][1][0]
[257][2][0]
[257][3][0]
