[036][0][C0500070]
[036][1][4B060000]
[036][2][4B010000]
[036][3][4B000000]
[037][0][4F0A0070]
[037][1][4F0D00F0]
[037][2][4C0A0004]
[037][3][C0BA0000]
[038][0][42BD0000]
[038][1][4C0D0004]
[038][2][4C060001]
[038][3][10658000]
[039][0][56810018]
[039][1][4B060000]
[039][2][4F0900F0]
[039][3][43900000]
[006][0][4C060001]
[006][1][4C090004]
[006][2][43920000]
[006][3][4C060001]
[007][0][4C090004]
[007][1][10028000]
[007][2][55810060]
[007][3][4020000]
[008][0][10658000]
[008][1][56810048]
[008][2][C10000C0]
[008][3][92000000]
[000][0][A]
[000][1][6]
[000][2][2C]
[000][3][45]
[002][0][1]
[002][1][7]
[002][2][0]
[002][3][1]
[004][0][5]
[004][1][A]
[004][2][55]
[004][3][0]
[257][0][0]
[257][1][0]
[257][2][0]
[257][3][0]
[257][0][0]
[257][1][0]
[257][2][0]
[257][3][0]
[009][0][55]
[009][1][0]
[009][2][0]
[009][3][0]
[257][0][0]
[257][1][0]
[257][2][0]
[257][3][0]
[257][0][0]
[257][1][0]
[257][2][0]
[257][3][0]
[001][0][6]
[001][1][2C]
[001][2][45]
[001][3][1]
[003][0][7]
[003][1][0]
[003][2][1]
[003][3][5]
[005][0][A]
[005][1][55]
[005][2][0]
[005][3][0]
[257][0][0]
[257][1][0]
[257][2][0]
[257][3][0]
