[1][5.077]
[2][16.6239]
[3][18.6309]
[4][21.6434]
[5][27.5309]
[6][29.8398]
[7][31.2423]
[8][32.37]
[9][34.0324]
[10][39.248]
[11][42.0735]
[12][48.1364]
[14][51.8518]
[13][50.7953]
[15][58.2702]
[16][61.7898]
[17][62.9699]
[18][67.164]
[19][67.7441]
[20][71.8765]
[21][74.1701]
[22][77.7841]
[23][78.6197]
[24][81.6971]
[25][82.8043]
[26][86.3929]
[27][88.2409]
[28][91.7667]
[29][93.5273]
[30][97.4443]
[4][5.1018]
[1][4.816]
[2][4.8525]
[3][4.9294]
[5][15.5626]
[7][21.615]
[6][21.6029]
[8][29.527]
[9][29.8952]
[11][31.838]
[10][31.3079]
[14][35.4681]
[13][34.9125]
[15][39.4949]
[12][32.5745]
[16][42.1143]
[17][42.9456]
[19][51.9087]
[21][54.7509]
[20][52.523]
[18][51.5583]
[23][55.4826]
[22][55.3696]
[26][64.4315]
[24][62.6225]
[25][63.8398]
[27][69.4084]
[28][70.1339]
[29][70.8087]
[30][74.282]
[8][5.9301]
[22][7.2142]
[13][6.0413]
[18][6.0687]
[10][20.9908]
[25][22.1822]
[30][51.2149]
[12][50.885]
[27][42.4272]
[16][57.9957]
[6][60.5295]
[24][59.198]
[3][64.5814]
[4][69.1127]
[23][66.3889]
[15][68.9359]
[26][71.4715]
[7][71.31]
[21][73.0009]
[2][73.2586]
[17][74.6017]
[5][75.4851]
[11][78.9515]
[1][80.1079]
[9][81.2574]
[28][76.799]
[14][82.5346]
[20][81.0504]
[19][82.7704]
[29][86.1406]
