[076][0][C0500060]
[076][1][4B060000]
[076][2][4B010000]
[076][3][4B000000]
[077][0][4F0A0060]
[077][1][4F0D00E0]
[077][2][4C0A0004]
[077][3][C0BA0000]
[078][0][42BD0000]
[078][1][4C0D0004]
[078][2][4C060001]
[078][3][10658000]
[079][0][56810018]
[079][1][4B060000]
[079][2][4F0900E0]
[079][3][43970000]
[000][0][5070000]
[000][1][4C060001]
[000][2][4C090004]
[000][3][10658000]
[003][0][5681003C]
[003][1][8050000]
[003][2][C10000B0]
[003][3][92000000]
[002][0][A]
[002][1][6]
[002][2][2C]
[002][3][45]
[006][0][1]
[006][1][9]
[006][2][B0]
[006][3][1]
[010][0][7]
[010][1][AA]
[010][2][55]
[010][3][0]
[257][0][0]
[257][1][0]
[257][2][0]
[257][3][0]
[257][0][0]
[257][1][0]
[257][2][0]
[257][3][0]
[007][0][38]
[007][1][0]
[007][2][0]
[007][3][0]
[257][0][0]
[257][1][0]
[257][2][0]
[257][3][0]
[257][0][0]
[257][1][0]
[257][2][0]
[257][3][0]
[004][0][6]
[004][1][2C]
[004][2][45]
[004][3][1]
[008][0][9]
[008][1][B0]
[008][2][1]
[008][3][7]
[012][0][AA]
[012][1][55]
[012][2][0]
[012][3][0]
[257][0][0]
[257][1][0]
[257][2][0]
[257][3][0]
