[1][9.18]
[2][9.8818]
[3][12.3336]
[4][17.6567]
[5][19.4855]
[6][20.2795]
[7][20.9485]
[8][22.1265]
[9][26.7216]
[10][28.9258]
[11][34.3299]
[12][35.7364]
[14][41.1409]
[13][41.1409]
[15][44.1859]
[16][44.7163]
[17][48.2261]
[18][50.4493]
[19][50.4493]
[20][55.2252]
[21][55.2252]
[22][57.8589]
[23][57.8589]
[24][61.6221]
[25][61.6221]
[26][62.8274]
[27][65.8869]
[28][69.8732]
[29][69.8732]
[30][71.6946]
[4][9.3203]
[1][9.3203]
[2][9.3203]
[3][3.3617]
[5][9.5938]
[7][9.6153]
[6][4.7617]
[8][9.6153]
[9][26.5294]
[11][9.6153]
[10][9.6153]
[14][9.3699]
[13][11.4163]
[15][17.7417]
[12][11.6372]
[16][9.3699]
[17][12.4579]
[19][9.3699]
[21][10.697]
[20][12.4579]
[18][31.2204]
[23][10.697]
[22][31.2204]
[26][10.697]
[24][15.75]
[25][32.7539]
[27][12.2771]
[28][34.5246]
[29][22.4305]
[30][12.2771]
[8][9.1395]
[22][15.7369]
[13][0.9355]
[18][19.982]
[10][15.7369]
[25][19.982]
[30][15.7369]
[12][4.8915]
[27][16.9939]
[16][23.14]
[6][16.9939]
[24][32.5978]
[3][8.3542]
[4][25.2771]
[23][25.6701]
[15][32.5978]
[26][25.6701]
[7][17.9531]
[21][34.5191]
[2][35.4955]
[17][11.8348]
[5][25.6701]
[11][13.3722]
[1][24.9217]
[9][13.3722]
[28][27.0052]
[14][24.9217]
[20][13.3722]
[19][43.2019]
[29][13.3722]
