[072][0][C0500070]
[072][1][4B060000]
[072][2][4B010000]
[072][3][4B000000]
[073][0][4F0A0070]
[073][1][4F0D00F0]
[073][2][4C0A0004]
[073][3][C0BA0000]
[074][0][42BD0000]
[074][1][4C0D0004]
[074][2][4C060001]
[074][3][10658000]
[075][0][56810018]
[075][1][4B060000]
[075][2][4F0900F0]
[075][3][43900000]
[005][0][4C060001]
[005][1][4C090004]
[005][2][43920000]
[005][3][4C060001]
[006][0][4C090004]
[006][1][10028000]
[006][2][55810060]
[006][3][4020000]
[007][0][10658000]
[007][1][56810048]
[007][2][C10000C0]
[007][3][92000000]
[000][0][8]
[000][1][6]
[000][2][2C]
[000][3][45]
[002][0][1]
[002][1][7]
[002][2][0]
[002][3][1]
[004][0][5]
[004][1][0]
[004][2][0]
[004][3][0]
[257][0][0]
[257][1][0]
[257][2][0]
[257][3][0]
[257][0][0]
[257][1][0]
[257][2][0]
[257][3][0]
[008][0][45]
[008][1][0]
[008][2][0]
[008][3][0]
[257][0][0]
[257][1][0]
[257][2][0]
[257][3][0]
[257][0][0]
[257][1][0]
[257][2][0]
[257][3][0]
[001][0][6]
[001][1][2C]
[001][2][45]
[001][3][1]
[003][0][7]
[003][1][0]
[003][2][1]
[003][3][5]
[257][0][0]
[257][1][0]
[257][2][0]
[257][3][0]
[257][0][0]
[257][1][0]
[257][2][0]
[257][3][0]
