[060][0][C050004C]
[060][1][4B060000]
[060][2][4B000000]
[060][3][4B010000]
[061][0][4B020000]
[061][1][4B030001]
[061][2][4F07009C]
[061][3][C1270000]
[062][0][4C070004]
[062][1][4C060001]
[062][2][5320000]
[062][3][C1070000]
[063][0][4C070004]
[063][1][4C060001]
[063][2][4230000]
[063][3][4300000]
[010][0][10658000]
[010][1][56810028]
[010][2][92000000]
[010][3][0]
[002][0][4]
[002][1][0]
[002][2][0]
[002][3][0]
[257][0][0]
[257][1][0]
[257][2][0]
[257][3][0]
[257][0][0]
[257][1][0]
[257][2][0]
[257][3][0]
[257][0][0]
[257][1][0]
[257][2][0]
[257][3][0]
[257][0][0]
[257][1][0]
[257][2][0]
[257][3][0]
[006][0][0]
[006][1][1]
[006][2][2]
[006][3][3]
[257][0][0]
[257][1][0]
[257][2][0]
[257][3][0]
[257][0][0]
[257][1][0]
[257][2][0]
[257][3][0]
[257][0][0]
[257][1][0]
[257][2][0]
[257][3][0]
[257][0][0]
[257][1][0]
[257][2][0]
[257][3][0]
[257][0][0]
[257][1][0]
[257][2][0]
[257][3][0]
[257][0][0]
[257][1][0]
[257][2][0]
[257][3][0]
