[024][0][C050004C]
[024][1][4B060000]
[024][2][4B000000]
[024][3][4B010000]
[025][0][4B020000]
[025][1][4B030001]
[025][2][4F07009C]
[025][3][C1270000]
[026][0][4C070004]
[026][1][4C060001]
[026][2][5320000]
[026][3][C1070000]
[027][0][4C070004]
[027][1][4C060001]
[027][2][4023000]
[027][3][4002000]
[002][0][10658000]
[002][1][56810028]
[002][2][92000000]
[002][3][0]
[000][0][B]
[000][1][0]
[000][2][0]
[000][3][0]
[257][0][0]
[257][1][0]
[257][2][0]
[257][3][0]
[257][0][0]
[257][1][0]
[257][2][0]
[257][3][0]
[257][0][0]
[257][1][0]
[257][2][0]
[257][3][0]
[257][0][0]
[257][1][0]
[257][2][0]
[257][3][0]
[001][0][0]
[001][1][1]
[001][2][1]
[001][3][1]
[003][0][1]
[003][1][1]
[003][2][1]
[003][3][1]
[004][0][1]
[004][1][1]
[004][2][1]
[004][3][0]
[257][0][0]
[257][1][0]
[257][2][0]
[257][3][0]
[257][0][0]
[257][1][0]
[257][2][0]
[257][3][0]
[257][0][0]
[257][1][0]
[257][2][0]
[257][3][0]
[257][0][0]
[257][1][0]
[257][2][0]
[257][3][0]
