[004][0][C0500070]
[004][1][4B060000]
[004][2][4B010000]
[004][3][4B000000]
[005][0][4F0A0070]
[005][1][4F0D00F0]
[005][2][4C0A0004]
[005][3][C0BA0000]
[006][0][42BD0000]
[006][1][4C0D0004]
[006][2][4C060001]
[006][3][10658000]
[007][0][56810018]
[007][1][4B060000]
[007][2][4F0900F0]
[007][3][43900000]
[122][0][4C060001]
[122][1][4C090004]
[122][2][43920000]
[122][3][4C060001]
[123][0][4C090004]
[123][1][10028000]
[123][2][55810060]
[123][3][4020000]
[124][0][10658000]
[124][1][56810048]
[124][2][C10000C0]
[124][3][92000000]
[000][0][A]
[000][1][6]
[000][2][2C]
[000][3][45]
[002][0][1]
[002][1][7]
[002][2][0]
[002][3][1]
[120][0][5]
[120][1][A]
[120][2][55]
[120][3][0]
[257][0][0]
[257][1][0]
[257][2][0]
[257][3][0]
[257][0][0]
[257][1][0]
[257][2][0]
[257][3][0]
[125][0][55]
[125][1][0]
[125][2][0]
[125][3][0]
[257][0][0]
[257][1][0]
[257][2][0]
[257][3][0]
[257][0][0]
[257][1][0]
[257][2][0]
[257][3][0]
[001][0][6]
[001][1][2C]
[001][2][45]
[001][3][1]
[003][0][7]
[003][1][0]
[003][2][1]
[003][3][5]
[121][0][A]
[121][1][55]
[121][2][0]
[121][3][0]
[257][0][0]
[257][1][0]
[257][2][0]
[257][3][0]
