[000][0][C050005C]
[000][1][4B060000]
[000][2][4B010000]
[000][3][4B000000]
[001][0][4F0A005C]
[001][1][4F0D00DC]
[001][2][4C0A0004]
[001][3][C0BA0000]
[002][0][42BD0000]
[002][1][4C0D0004]
[002][2][4C060001]
[002][3][10658000]
[003][0][56810018]
[003][1][4B060000]
[003][2][4F0900DC]
[003][3][43970000]
[138][0][5070000]
[138][1][4C060001]
[138][2][4C090004]
[138][3][10658000]
[141][0][5681003C]
[141][1][C10000AC]
[141][2][92000000]
[141][3][0]
[120][0][A]
[120][1][6]
[120][2][2C]
[120][3][45]
[126][0][1]
[126][1][7]
[126][2][0]
[126][3][1]
[132][0][5]
[132][1][A]
[132][2][55]
[132][3][0]
[257][0][0]
[257][1][0]
[257][2][0]
[257][3][0]
[257][0][0]
[257][1][0]
[257][2][0]
[257][3][0]
[144][0][E4]
[144][1][0]
[144][2][0]
[144][3][0]
[257][0][0]
[257][1][0]
[257][2][0]
[257][3][0]
[257][0][0]
[257][1][0]
[257][2][0]
[257][3][0]
[123][0][6]
[123][1][2C]
[123][2][45]
[123][3][1]
[129][0][7]
[129][1][0]
[129][2][1]
[129][3][5]
[135][0][A]
[135][1][55]
[135][2][0]
[135][3][0]
[257][0][0]
[257][1][0]
[257][2][0]
[257][3][0]
