[044][0][C0500070]
[044][1][4B060000]
[044][2][4B010000]
[044][3][4B000000]
[045][0][4F0A0070]
[045][1][4F0D00F0]
[045][2][4C0A0004]
[045][3][C0BA0000]
[046][0][42BD0000]
[046][1][4C0D0004]
[046][2][4C060001]
[046][3][10658000]
[047][0][56810018]
[047][1][4B060000]
[047][2][4F0900F0]
[047][3][43900000]
[003][0][4C060001]
[003][1][4C090004]
[003][2][43920000]
[003][3][4C060001]
[004][0][4C090004]
[004][1][10028000]
[004][2][55810060]
[004][3][4020000]
[006][0][10658000]
[006][1][56810048]
[006][2][C10000C0]
[006][3][92000000]
[002][0][A]
[002][1][6]
[002][2][2C]
[002][3][45]
[008][0][E1]
[008][1][17]
[008][2][0]
[008][3][2]
[000][0][5]
[000][1][AA]
[000][2][55]
[000][3][0]
[257][0][0]
[257][1][0]
[257][2][0]
[257][3][0]
[257][0][0]
[257][1][0]
[257][2][0]
[257][3][0]
[007][0][E1]
[007][1][0]
[007][2][0]
[007][3][0]
[257][0][0]
[257][1][0]
[257][2][0]
[257][3][0]
[257][0][0]
[257][1][0]
[257][2][0]
[257][3][0]
[005][0][6]
[005][1][2C]
[005][2][45]
[005][3][E1]
[011][0][17]
[011][1][0]
[011][2][2]
[011][3][5]
[001][0][AA]
[001][1][55]
[001][2][0]
[001][3][0]
[257][0][0]
[257][1][0]
[257][2][0]
[257][3][0]
