[116][0][C050004C]
[116][1][4B060000]
[116][2][4B000000]
[116][3][4B010000]
[117][0][4B020000]
[117][1][4B030001]
[117][2][4F07009C]
[117][3][C1270000]
[118][0][4C070004]
[118][1][4C060001]
[118][2][5320000]
[118][3][C1070000]
[119][0][4C070004]
[119][1][4C060001]
[119][2][4230000]
[119][3][4300000]
[006][0][10658000]
[006][1][56810028]
[006][2][92000000]
[006][3][0]
[002][0][A]
[002][1][0]
[002][2][0]
[002][3][0]
[257][0][0]
[257][1][0]
[257][2][0]
[257][3][0]
[257][0][0]
[257][1][0]
[257][2][0]
[257][3][0]
[257][0][0]
[257][1][0]
[257][2][0]
[257][3][0]
[257][0][0]
[257][1][0]
[257][2][0]
[257][3][0]
[004][0][0]
[004][1][1]
[004][2][2]
[004][3][3]
[008][0][5]
[008][1][8]
[008][2][D]
[008][3][15]
[010][0][22]
[010][1][37]
[010][2][0]
[010][3][0]
[257][0][0]
[257][1][0]
[257][2][0]
[257][3][0]
[257][0][0]
[257][1][0]
[257][2][0]
[257][3][0]
[257][0][0]
[257][1][0]
[257][2][0]
[257][3][0]
[257][0][0]
[257][1][0]
[257][2][0]
[257][3][0]
