[068][0][C0500060]
[068][1][4B060000]
[068][2][4B010000]
[068][3][4B000000]
[069][0][4F0A0060]
[069][1][4F0D00E0]
[069][2][4C0A0004]
[069][3][C0BA0000]
[070][0][42BD0000]
[070][1][4C0D0004]
[070][2][4C060001]
[070][3][10658000]
[071][0][56810018]
[071][1][4B060000]
[071][2][4F0900E0]
[071][3][43970000]
[016][0][5070000]
[016][1][4C060001]
[016][2][4C090004]
[016][3][10658000]
[000][0][5681003C]
[000][1][8050000]
[000][2][C10000B0]
[000][3][92000000]
[004][0][A]
[004][1][6]
[004][2][2C]
[004][3][45]
[008][0][1]
[008][1][9]
[008][2][B0]
[008][3][1]
[012][0][7]
[012][1][AA]
[012][2][55]
[012][3][0]
[257][0][0]
[257][1][0]
[257][2][0]
[257][3][0]
[257][0][0]
[257][1][0]
[257][2][0]
[257][3][0]
[001][0][38]
[001][1][0]
[001][2][0]
[001][3][0]
[257][0][0]
[257][1][0]
[257][2][0]
[257][3][0]
[257][0][0]
[257][1][0]
[257][2][0]
[257][3][0]
[006][0][6]
[006][1][2C]
[006][2][45]
[006][3][1]
[010][0][9]
[010][1][B0]
[010][2][1]
[010][3][7]
[014][0][AA]
[014][1][55]
[014][2][0]
[014][3][0]
[257][0][0]
[257][1][0]
[257][2][0]
[257][3][0]
