[048][0][C0500060]
[048][1][4B060000]
[048][2][4B010000]
[048][3][4B000000]
[049][0][4F0A0060]
[049][1][4F0D00E0]
[049][2][4C0A0004]
[049][3][C0BA0000]
[050][0][42BD0000]
[050][1][4C0D0004]
[050][2][4C060001]
[050][3][10658000]
[051][0][56810018]
[051][1][4B060000]
[051][2][4F0900E0]
[051][3][43970000]
[006][0][5070000]
[006][1][4C060001]
[006][2][4C090004]
[006][3][10658000]
[007][0][5681003C]
[007][1][8050000]
[007][2][C10000B0]
[007][3][92000000]
[000][0][A]
[000][1][6]
[000][2][2C]
[000][3][45]
[002][0][1]
[002][1][9]
[002][2][B0]
[002][3][1]
[004][0][7]
[004][1][AA]
[004][2][55]
[004][3][0]
[257][0][0]
[257][1][0]
[257][2][0]
[257][3][0]
[257][0][0]
[257][1][0]
[257][2][0]
[257][3][0]
[008][0][38]
[008][1][0]
[008][2][0]
[008][3][0]
[257][0][0]
[257][1][0]
[257][2][0]
[257][3][0]
[257][0][0]
[257][1][0]
[257][2][0]
[257][3][0]
[001][0][6]
[001][1][2C]
[001][2][45]
[001][3][1]
[003][0][9]
[003][1][B0]
[003][2][1]
[003][3][7]
[005][0][AA]
[005][1][55]
[005][2][0]
[005][3][0]
[257][0][0]
[257][1][0]
[257][2][0]
[257][3][0]
