[012][0][C050004C]
[012][1][4B060000]
[012][2][4B000000]
[012][3][4B010000]
[013][0][4B020000]
[013][1][4B030001]
[013][2][4F07009C]
[013][3][C1270000]
[014][0][4C070004]
[014][1][4C060001]
[014][2][5320000]
[014][3][C1070000]
[015][0][4C070004]
[015][1][4C060001]
[015][2][4230000]
[015][3][4300000]
[004][0][10658000]
[004][1][56810028]
[004][2][92000000]
[004][3][0]
[000][0][B]
[000][1][0]
[000][2][0]
[000][3][0]
[257][0][0]
[257][1][0]
[257][2][0]
[257][3][0]
[257][0][0]
[257][1][0]
[257][2][0]
[257][3][0]
[257][0][0]
[257][1][0]
[257][2][0]
[257][3][0]
[257][0][0]
[257][1][0]
[257][2][0]
[257][3][0]
[002][0][0]
[002][1][1]
[002][2][2]
[002][3][3]
[006][0][5]
[006][1][8]
[006][2][D]
[006][3][15]
[008][0][22]
[008][1][37]
[008][2][59]
[008][3][0]
[257][0][0]
[257][1][0]
[257][2][0]
[257][3][0]
[257][0][0]
[257][1][0]
[257][2][0]
[257][3][0]
[257][0][0]
[257][1][0]
[257][2][0]
[257][3][0]
[257][0][0]
[257][1][0]
[257][2][0]
[257][3][0]
