[104][0][C050005C]
[104][1][4B060000]
[104][2][4B010000]
[104][3][4B000000]
[105][0][4F0A005C]
[105][1][4F0D00DC]
[105][2][4C0A0004]
[105][3][C0BA0000]
[106][0][42BD0000]
[106][1][4C0D0004]
[106][2][4C060001]
[106][3][10658000]
[107][0][56810018]
[107][1][4B060000]
[107][2][4F0900DC]
[107][3][43970000]
[011][0][5070000]
[011][1][4C060001]
[011][2][4C090004]
[011][3][10658000]
[013][0][5681003C]
[013][1][C10000AC]
[013][2][92000000]
[013][3][0]
[000][0][A]
[000][1][6]
[000][2][2C]
[000][3][45]
[003][0][1]
[003][1][7]
[003][2][0]
[003][3][1]
[007][0][5]
[007][1][A]
[007][2][55]
[007][3][0]
[257][0][0]
[257][1][0]
[257][2][0]
[257][3][0]
[257][0][0]
[257][1][0]
[257][2][0]
[257][3][0]
[015][0][E4]
[015][1][0]
[015][2][0]
[015][3][0]
[257][0][0]
[257][1][0]
[257][2][0]
[257][3][0]
[257][0][0]
[257][1][0]
[257][2][0]
[257][3][0]
[001][0][6]
[001][1][2C]
[001][2][45]
[001][3][1]
[005][0][7]
[005][1][0]
[005][2][1]
[005][3][5]
[009][0][A]
[009][1][55]
[009][2][0]
[009][3][0]
[257][0][0]
[257][1][0]
[257][2][0]
[257][3][0]
