[088][0][C050005C]
[088][1][4B060000]
[088][2][4B010000]
[088][3][4B000000]
[089][0][4F0A005C]
[089][1][4F0D00DC]
[089][2][4C0A0004]
[089][3][C0BA0000]
[090][0][42BD0000]
[090][1][4C0D0004]
[090][2][4C060001]
[090][3][10658000]
[091][0][56810018]
[091][1][4B060000]
[091][2][4F0900DC]
[091][3][43970000]
[015][0][5070000]
[015][1][4C060001]
[015][2][4C090004]
[015][3][10658000]
[017][0][5681003C]
[017][1][C10000AC]
[017][2][92000000]
[017][3][0]
[003][0][9]
[003][1][6]
[003][2][2C]
[003][3][45]
[007][0][1]
[007][1][7]
[007][2][0]
[007][3][1]
[011][0][5]
[011][1][A]
[011][2][0]
[011][3][0]
[257][0][0]
[257][1][0]
[257][2][0]
[257][3][0]
[257][0][0]
[257][1][0]
[257][2][0]
[257][3][0]
[000][0][8F]
[000][1][0]
[000][2][0]
[000][3][0]
[257][0][0]
[257][1][0]
[257][2][0]
[257][3][0]
[257][0][0]
[257][1][0]
[257][2][0]
[257][3][0]
[005][0][6]
[005][1][2C]
[005][2][45]
[005][3][1]
[009][0][7]
[009][1][0]
[009][2][1]
[009][3][5]
[013][0][A]
[013][1][0]
[013][2][0]
[013][3][0]
[257][0][0]
[257][1][0]
[257][2][0]
[257][3][0]
