[052][0][C050004C]
[052][1][4B060000]
[052][2][4B000000]
[052][3][4B010000]
[053][0][4B020000]
[053][1][4B030001]
[053][2][4F07009C]
[053][3][C1270000]
[054][0][4C070004]
[054][1][4C060001]
[054][2][5320000]
[054][3][C1070000]
[055][0][4C070004]
[055][1][4C060001]
[055][2][4230000]
[055][3][4300000]
[002][0][10658000]
[002][1][56810028]
[002][2][92000000]
[002][3][0]
[000][0][9]
[000][1][0]
[000][2][0]
[000][3][0]
[257][0][0]
[257][1][0]
[257][2][0]
[257][3][0]
[257][0][0]
[257][1][0]
[257][2][0]
[257][3][0]
[257][0][0]
[257][1][0]
[257][2][0]
[257][3][0]
[257][0][0]
[257][1][0]
[257][2][0]
[257][3][0]
[001][0][0]
[001][1][1]
[001][2][2]
[001][3][3]
[003][0][5]
[003][1][8]
[003][2][D]
[003][3][15]
[004][0][22]
[004][1][0]
[004][2][0]
[004][3][0]
[257][0][0]
[257][1][0]
[257][2][0]
[257][3][0]
[257][0][0]
[257][1][0]
[257][2][0]
[257][3][0]
[257][0][0]
[257][1][0]
[257][2][0]
[257][3][0]
[257][0][0]
[257][1][0]
[257][2][0]
[257][3][0]
