[0000]C050004C
[0001]4B060000
[0002]4B000000
[0003]4B010000
[0004]4B020000
[0005]4B030001
[0006]4F07009C
[0007]C1270000
[0008]4C070004
[0009]4C060001
[0010]5320000
[0011]C1070000
[0012]4C070004
[0013]4C060001
[0014]4230000
[0015]4300000
[0016]10658000
[0017]56810028
[0018]92000000
[0019]4
[0020]0
[0021]0
[0022]0
[0023]0
[0024]0
[0025]0
[0026]0
[0027]0
[0028]0
[0029]0
[0030]0
[0031]0
[0032]0
[0033]0
[0034]0
[0035]0
[0036]0
[0037]0
[0038]0
[0039]0
[0040]1
[0041]2
[0042]3
[0043]0
[0044]0
[0045]0
[0046]0
[0047]0
[0048]0
[0049]0
[0050]0
[0051]0
[0052]0
[0053]0
[0054]0
[0055]0
[0056]0
[0057]0
[0058]0
[0059]0
[0060]0
[0061]0
[0062]0
[0063]C0500070
[0064]4B060000
[0065]4B010000
[0066]4B000000
[0067]4F0A0070
[0068]4F0D00F0
[0069]4C0A0004
[0070]C0BA0000
[0071]42BD0000
[0072]4C0D0004
[0073]4C060001
[0074]10658000
[0075]56810018
[0076]4B060000
[0077]4F0900F0
[0078]43900000
[0079]4C060001
[0080]4C090004
[0081]43920000
[0082]4C060001
[0083]4C090004
[0084]10028000
[0085]55810060
[0086]4020000
[0087]10658000
[0088]56810048
[0089]C10000C0
[0090]92000000
[0091]A
[0092]6
[0093]2C
[0094]45
[0095]B1
[0096]7
[0097]9C
[0098]1
[0099]45
[0100]A
[0101]55
[0102]0
[0103]0
[0104]0
[0105]0
[0106]0
[0107]0
[0108]0
[0109]0
[0110]0
[0111]B1
[0112]0
[0113]0
[0114]0
[0115]0
[0116]0
[0117]0
[0118]0
[0119]0
[0120]0
[0121]0
[0122]0
[0123]6
[0124]2C
[0125]45
[0126]B1
[0127]7
[0128]9C
[0129]1
[0130]45
[0131]A
[0132]55
[0133]0
[0134]0
[0135]C0500060
[0136]4B060000
[0137]4B010000
[0138]4B000000
[0139]4F0A0060
[0140]4F0D00E0
[0141]4C0A0004
[0142]C0BA0000
[0143]42BD0000
[0144]4C0D0004
[0145]4C060001
[0146]10658000
[0147]56810018
[0148]4B060000
[0149]4F0900E0
[0150]43970000
[0151]5070000
[0152]4C060001
[0153]4C090004
[0154]10658000
[0155]5681003C
[0156]8050000
[0157]C10000B0
[0158]92000000
[0159]A
[0160]6
[0161]2C
[0162]45
[0163]1
[0164]9
[0165]B0
[0166]1
[0167]7
[0168]AA
[0169]55
[0170]0
[0171]0
[0172]0
[0173]0
[0174]0
[0175]0
[0176]0
[0177]0
[0178]0
[0179]38
[0180]0
[0181]0
[0182]0
[0183]0
[0184]0
[0185]0
[0186]0
[0187]0
[0188]0
[0189]0
[0190]0
[0191]6
[0192]2C
[0193]45
[0194]1
[0195]9
[0196]B0
[0197]1
[0198]7
[0199]AA
[0200]55
[0201]0
[0202]0
[0203]C0500070
[0204]4B060000
[0205]4B010000
[0206]4B000000
[0207]4F0A0070
[0208]4F0D00F0
[0209]4C0A0004
[0210]C0BA0000
[0211]42BD0000
[0212]4C0D0004
[0213]4C060001
[0214]10658000
[0215]56810018
[0216]4B060000
[0217]4F0900F0
[0218]43900000
[0219]4C060001
[0220]4C090004
[0221]43920000
[0222]4C060001
[0223]4C090004
[0224]10028000
[0225]55810060
[0226]4020000
[0227]10658000
[0228]56810048
[0229]C10000C0
[0230]92000000
[0231]8
[0232]6
[0233]2C
[0234]45
[0235]1
[0236]7
[0237]0
[0238]1
[0239]5
[0240]0
[0241]0
[0242]0
[0243]0
[0244]0
[0245]0
[0246]0
[0247]0
[0248]0
[0249]0
[0250]0
[0251]45
[0252]0
[0253]0
[0254]0
[0255]0
