--------------------------------------
----PROCESS #1------------------------
--------------------------------------
[0000]C050005C
[0001]4B060000
[0002]4B010000
[0003]4B000000
[0004]4F0A005C
[0005]4F0D00DC
[0006]4C0A0004
[0007]C0BA0000
[0008]42BD0000
[0009]4C0D0004
[0010]4C060001
[0011]10658000
[0012]56810018
[0013]4B060000
[0014]4F0900DC
[0015]43970000
[0016]5070000
[0017]4C060001
[0018]4C090004
[0019]10658000
[0020]5681003C
[0021]C10000AC
[0022]92000000
[0023]A
[0024]6
[0025]2C
[0026]45
[0027]1
[0028]7
[0029]0
[0030]1
[0031]5
[0032]A
[0033]55
[0034]0
[0035]0
[0036]0
[0037]0
[0038]0
[0039]0
[0040]0
[0041]0
[0042]0
[0043]E4
[0044]0
[0045]0
[0046]0
[0047]0
[0048]0
[0049]0
[0050]0
[0051]0
[0052]0
[0053]0
[0054]0
[0055]6
[0056]2C
[0057]45
[0058]1
[0059]7
[0060]0
[0061]1
[0062]5
[0063]A
[0064]55
[0065]0
[0066]0
--------------------------------------
----PROCESS #2------------------------
--------------------------------------
[0067]C0500070
[0068]4B060000
[0069]4B010000
[0070]4B000000
[0071]4F0A0070
[0072]4F0D00F0
[0073]4C0A0004
[0074]C0BA0000
[0075]42BD0000
[0076]4C0D0004
[0077]4C060001
[0078]10658000
[0079]56810018
[0080]4B060000
[0081]4F0900F0
[0082]43900000
[0083]4C060001
[0084]4C090004
[0085]43920000
[0086]4C060001
[0087]4C090004
[0088]10028000
[0089]55810060
[0090]4020000
[0091]10658000
[0092]56810048
[0093]C10000C0
[0094]92000000
[0095]A
[0096]6
[0097]2C
[0098]45
[0099]1
[0100]7
[0101]0
[0102]1
[0103]5
[0104]A
[0105]55
[0106]0
[0107]0
[0108]0
[0109]0
[0110]0
[0111]0
[0112]0
[0113]0
[0114]0
[0115]55
[0116]0
[0117]0
[0118]0
[0119]0
[0120]0
[0121]0
[0122]0
[0123]0
[0124]0
[0125]0
[0126]0
[0127]6
[0128]2C
[0129]45
[0130]1
[0131]7
[0132]0
[0133]1
[0134]5
[0135]A
[0136]55
[0137]0
[0138]0
--------------------------------------
----PROCESS #3------------------------
--------------------------------------
[0139]C0500060
[0140]4B060000
[0141]4B010000
[0142]4B000000
[0143]4F0A0060
[0144]4F0D00E0
[0145]4C0A0004
[0146]C0BA0000
[0147]42BD0000
[0148]4C0D0004
[0149]4C060001
[0150]10658000
[0151]56810018
[0152]4B060000
[0153]4F0900E0
[0154]43970000
[0155]5070000
[0156]4C060001
[0157]4C090004
[0158]10658000
[0159]5681003C
[0160]8050000
[0161]C10000B0
[0162]92000000
[0163]A
[0164]6
[0165]2C
[0166]45
[0167]1
[0168]9
[0169]B0
[0170]1
[0171]7
[0172]AA
[0173]55
[0174]0
[0175]0
[0176]0
[0177]0
[0178]0
[0179]0
[0180]0
[0181]0
[0182]0
[0183]38
[0184]0
[0185]0
[0186]0
[0187]0
[0188]0
[0189]0
[0190]0
[0191]0
[0192]0
[0193]0
[0194]0
[0195]6
[0196]2C
[0197]45
[0198]1
[0199]9
[0200]B0
[0201]1
[0202]7
[0203]AA
[0204]55
[0205]0
[0206]0
--------------------------------------
----PROCESS #4------------------------
--------------------------------------
[0207]C050004C
[0208]4B060000
[0209]4B000000
[0210]4B010000
[0211]4B020000
[0212]4B030001
[0213]4F07009C
[0214]C1270000
[0215]4C070004
[0216]4C060001
[0217]5320000
[0218]C1070000
[0219]4C070004
[0220]4C060001
[0221]4230000
[0222]4300000
[0223]10658000
[0224]56810028
[0225]92000000
[0226]B
[0227]0
[0228]0
[0229]0
[0230]0
[0231]0
[0232]0
[0233]0
[0234]0
[0235]0
[0236]0
[0237]0
[0238]0
[0239]0
[0240]0
[0241]0
[0242]0
[0243]0
[0244]0
[0245]0
[0246]0
[0247]1
[0248]2
[0249]3
[0250]5
[0251]8
[0252]D
[0253]15
[0254]22
[0255]37
[0256]59
[0257]0
[0258]0
[0259]0
[0260]0
[0261]0
[0262]0
[0263]0
[0264]0
[0265]0
[0266]0
[0267]0
[0268]0
[0269]0
--------------------------------------
----PROCESS #8------------------------
--------------------------------------
[0473]C050004C
[0474]4B060000
[0475]4B000000
[0476]4B010000
[0477]4B020000
[0478]4B030001
[0479]4F07009C
[0480]C1270000
[0481]4C070004
[0482]4C060001
[0483]5320000
[0484]C1070000
[0485]4C070004
[0486]4C060001
[0487]4230000
[0488]4300000
[0489]10658000
[0490]56810028
[0491]92000000
[0492]B
[0493]0
[0494]0
[0495]0
[0496]0
[0497]0
[0498]0
[0499]0
[0500]0
[0501]0
[0502]0
[0503]0
[0504]0
[0505]0
[0506]0
[0507]0
[0508]0
[0509]0
[0510]0
[0511]0
[0512]0
[0513]1
[0514]2
[0515]3
[0516]5
[0517]8
[0518]D
[0519]15
[0520]22
[0521]37
[0522]59
[0523]0
[0524]0
[0525]0
[0526]0
[0527]0
[0528]0
[0529]0
[0530]0
[0531]0
[0532]0
[0533]0
[0534]0
[0535]0
--------------------------------------
----PROCESS #9------------------------
--------------------------------------
[0536]C0500060
[0537]4B060000
[0538]4B010000
[0539]4B000000
[0540]4F0A0060
[0541]4F0D00E0
[0542]4C0A0004
[0543]C0BA0000
[0544]42BD0000
[0545]4C0D0004
[0546]4C060001
[0547]10658000
[0548]56810018
[0549]4B060000
[0550]4F0900E0
[0551]43970000
[0552]5070000
[0553]4C060001
[0554]4C090004
[0555]10658000
[0556]5681003C
[0557]8050000
[0558]C10000B0
[0559]92000000
[0560]A
[0561]6
[0562]2C
[0563]45
[0564]1
[0565]9
[0566]B0
[0567]1
[0568]7
[0569]AA
[0570]55
[0571]0
[0572]0
[0573]0
[0574]0
[0575]0
[0576]0
[0577]0
[0578]0
[0579]0
[0580]38
[0581]0
[0582]0
[0583]0
[0584]0
[0585]0
[0586]0
[0587]0
[0588]0
[0589]0
[0590]0
[0591]0
[0592]6
[0593]2C
[0594]45
[0595]1
[0596]9
[0597]B0
[0598]1
[0599]7
[0600]AA
[0601]55
[0602]0
[0603]0
--------------------------------------
----PROCESS #6------------------------
--------------------------------------
[0342]C0500060
[0343]4B060000
[0344]4B010000
[0345]4B000000
[0346]4F0A0060
[0347]4F0D00E0
[0348]4C0A0004
[0349]C0BA0000
[0350]42BD0000
[0351]4C0D0004
[0352]4C060001
[0353]10658000
[0354]56810018
[0355]4B060000
[0356]4F0900E0
[0357]43970000
[0358]5070000
[0359]4C060001
[0360]4C090004
[0361]10658000
[0362]5681003C
[0363]8050000
[0364]C10000B0
[0365]92000000
[0366]A
[0367]D
[0368]2C
[0369]45
[0370]DE
[0371]9
[0372]B0
[0373]1
[0374]7
[0375]AA
[0376]55
[0377]0
[0378]0
[0379]0
[0380]0
[0381]0
[0382]0
[0383]0
[0384]0
[0385]0
[0386]4F
[0387]0
[0388]0
[0389]0
[0390]0
[0391]0
[0392]0
[0393]0
[0394]0
[0395]0
[0396]0
[0397]0
[0398]D
[0399]2C
[0400]45
[0401]DE
[0402]9
[0403]B0
[0404]1
[0405]7
[0406]AA
[0407]55
[0408]0
[0409]0
--------------------------------------
----PROCESS #7------------------------
--------------------------------------
[0410]C050004C
[0411]4B060000
[0412]4B000000
[0413]4B010000
[0414]4B020000
[0415]4B030001
[0416]4F07009C
[0417]C1270000
[0418]4C070004
[0419]4C060001
[0420]5320000
[0421]C1070000
[0422]4C070004
[0423]4C060001
[0424]4023000
[0425]4002000
[0426]10658000
[0427]56810028
[0428]92000000
[0429]B
[0430]0
[0431]0
[0432]0
[0433]0
[0434]0
[0435]0
[0436]0
[0437]0
[0438]0
[0439]0
[0440]0
[0441]0
[0442]0
[0443]0
[0444]0
[0445]0
[0446]0
[0447]0
[0448]0
[0449]0
[0450]1
[0451]1
[0452]1
[0453]1
[0454]1
[0455]1
[0456]1
[0457]1
[0458]1
[0459]1
[0460]0
[0461]0
[0462]0
[0463]0
[0464]0
[0465]0
[0466]0
[0467]0
[0468]0
[0469]0
[0470]0
[0471]0
[0472]0
--------------------------------------
----PROCESS #10-----------------------
--------------------------------------
[0604]C0500070
[0605]4B060000
[0606]4B010000
[0607]4B000000
[0608]4F0A0070
[0609]4F0D00F0
[0610]4C0A0004
[0611]C0BA0000
[0612]42BD0000
[0613]4C0D0004
[0614]4C060001
[0615]10658000
[0616]56810018
[0617]4B060000
[0618]4F0900F0
[0619]43900000
[0620]4C060001
[0621]4C090004
[0622]43920000
[0623]4C060001
[0624]4C090004
[0625]10028000
[0626]55810060
[0627]4020000
[0628]10658000
[0629]56810048
[0630]C10000C0
[0631]92000000
[0632]A
[0633]6
[0634]2C
[0635]45
[0636]1
[0637]7
[0638]0
[0639]1
[0640]5
[0641]A
[0642]55
[0643]0
[0644]0
[0645]0
[0646]0
[0647]0
[0648]0
[0649]0
[0650]0
[0651]0
[0652]55
[0653]0
[0654]0
[0655]0
[0656]0
[0657]0
[0658]0
[0659]0
[0660]0
[0661]0
[0662]0
[0663]0
[0664]6
[0665]2C
[0666]45
[0667]1
[0668]7
[0669]0
[0670]1
[0671]5
[0672]A
[0673]55
[0674]0
[0675]0
--------------------------------------
----PROCESS #5------------------------
--------------------------------------
[0270]C0500070
[0271]4B060000
[0272]4B010000
[0273]4B000000
[0274]4F0A0070
[0275]4F0D00F0
[0276]4C0A0004
[0277]C0BA0000
[0278]42BD0000
[0279]4C0D0004
[0280]4C060001
[0281]10658000
[0282]56810018
[0283]4B060000
[0284]4F0900F0
[0285]43900000
[0286]4C060001
[0287]4C090004
[0288]43920000
[0289]4C060001
[0290]4C090004
[0291]10028000
[0292]55810060
[0293]4020000
[0294]10658000
[0295]56810048
[0296]C10000C0
[0297]92000000
[0298]A
[0299]6
[0300]2C
[0301]45
[0302]1
[0303]17
[0304]0
[0305]1
[0306]5
[0307]AA
[0308]55
[0309]0
[0310]0
[0311]0
[0312]0
[0313]0
[0314]0
[0315]0
[0316]0
[0317]0
[0318]AA
[0319]0
[0320]0
[0321]0
[0322]0
[0323]0
[0324]0
[0325]0
[0326]0
[0327]0
[0328]0
[0329]0
[0330]6
[0331]2C
[0332]45
[0333]1
[0334]17
[0335]0
[0336]1
[0337]5
[0338]AA
[0339]55
[0340]0
[0341]0
--------------------------------------
----PROCESS #11-----------------------
--------------------------------------
[0676]C050005C
[0677]4B060000
[0678]4B010000
[0679]4B000000
[0680]4F0A005C
[0681]4F0D00DC
[0682]4C0A0004
[0683]C0BA0000
[0684]42BD0000
[0685]4C0D0004
[0686]4C060001
[0687]10658000
[0688]56810018
[0689]4B060000
[0690]4F0900DC
[0691]43970000
[0692]5070000
[0693]4C060001
[0694]4C090004
[0695]10658000
[0696]5681003C
[0697]C10000AC
[0698]92000000
[0699]A
[0700]6
[0701]2C
[0702]45
[0703]81
[0704]E7
[0705]C0
[0706]1
[0707]65
[0708]A
[0709]55
[0710]0
[0711]0
[0712]0
[0713]0
[0714]0
[0715]0
[0716]0
[0717]0
[0718]0
[0719]364
[0720]0
[0721]0
[0722]0
[0723]0
[0724]0
[0725]0
[0726]0
[0727]0
[0728]0
[0729]0
[0730]0
[0731]6
[0732]2C
[0733]45
[0734]81
[0735]E7
[0736]C0
[0737]1
[0738]65
[0739]A
[0740]55
[0741]0
[0742]0
--------------------------------------
----PROCESS #12-----------------------
--------------------------------------
[0743]C0500070
[0744]4B060000
[0745]4B010000
[0746]4B000000
[0747]4F0A0070
[0748]4F0D00F0
[0749]4C0A0004
[0750]C0BA0000
[0751]42BD0000
[0752]4C0D0004
[0753]4C060001
[0754]10658000
[0755]56810018
[0756]4B060000
[0757]4F0900F0
[0758]43900000
[0759]4C060001
[0760]4C090004
[0761]43920000
[0762]4C060001
[0763]4C090004
[0764]10028000
[0765]55810060
[0766]4020000
[0767]10658000
[0768]56810048
[0769]C10000C0
[0770]92000000
[0771]A
[0772]6
[0773]2C
[0774]45
[0775]E1
[0776]17
[0777]0
[0778]2
[0779]5
[0780]AA
[0781]55
[0782]0
[0783]0
[0784]0
[0785]0
[0786]0
[0787]0
[0788]0
[0789]0
[0790]0
[0791]E1
[0792]0
[0793]0
[0794]0
[0795]0
[0796]0
[0797]0
[0798]0
[0799]0
[0800]0
[0801]0
[0802]0
[0803]6
[0804]2C
[0805]45
[0806]E1
[0807]17
[0808]0
[0809]2
[0810]5
[0811]AA
[0812]55
[0813]0
[0814]0
--------------------------------------
----PROCESS #13-----------------------
--------------------------------------
[0815]C0500060
[0816]4B060000
[0817]4B010000
[0818]4B000000
[0819]4F0A0060
[0820]4F0D00E0
[0821]4C0A0004
[0822]C0BA0000
[0823]42BD0000
[0824]4C0D0004
[0825]4C060001
[0826]10658000
[0827]56810018
[0828]4B060000
[0829]4F0900E0
[0830]43970000
[0831]5070000
[0832]4C060001
[0833]4C090004
[0834]10658000
[0835]5681003C
[0836]8050000
[0837]C10000B0
[0838]92000000
[0839]A
[0840]6
[0841]2C
[0842]45
[0843]1
[0844]9
[0845]B0
[0846]1
[0847]7
[0848]AA
[0849]55
[0850]0
[0851]0
[0852]0
[0853]0
[0854]0
[0855]0
[0856]0
[0857]0
[0858]0
[0859]38
[0860]0
[0861]0
[0862]0
[0863]0
[0864]0
[0865]0
[0866]0
[0867]0
[0868]0
[0869]0
[0870]0
[0871]6
[0872]2C
[0873]45
[0874]1
[0875]9
[0876]B0
[0877]1
[0878]7
[0879]AA
[0880]55
[0881]0
[0882]0
--------------------------------------
----PROCESS #14-----------------------
--------------------------------------
[0883]C050004C
[0884]4B060000
[0885]4B000000
[0886]4B010000
[0887]4B020000
[0888]4B030001
[0889]4F07009C
[0890]C1270000
[0891]4C070004
[0892]4C060001
[0893]5320000
[0894]C1070000
[0895]4C070004
[0896]4C060001
[0897]4230000
[0898]4300000
[0899]10658000
[0900]56810028
[0901]92000000
[0902]9
[0903]0
[0904]0
[0905]0
[0906]0
[0907]0
[0908]0
[0909]0
[0910]0
[0911]0
[0912]0
[0913]0
[0914]0
[0915]0
[0916]0
[0917]0
[0918]0
[0919]0
[0920]0
[0921]0
[0922]0
[0923]1
[0924]2
[0925]3
[0926]5
[0927]8
[0928]D
[0929]15
[0930]22
[0931]0
[0932]0
[0933]0
[0934]0
[0935]0
[0936]0
[0937]0
[0938]0
[0939]0
[0940]0
[0941]0
[0942]0
[0943]0
[0944]0
[0945]0
--------------------------------------
----PROCESS #15-----------------------
--------------------------------------
[0946]C0500060
[0947]4B060000
[0948]4B010000
[0949]4B000000
[0950]4F0A0060
[0951]4F0D00E0
[0952]4C0A0004
[0953]C0BA0000
[0954]42BD0000
[0955]4C0D0004
[0956]4C060001
[0957]10658000
[0958]56810018
[0959]4B060000
[0960]4F0900E0
[0961]43970000
[0962]5070000
[0963]4C060001
[0964]4C090004
[0965]10658000
[0966]5681003C
[0967]8050000
[0968]C10000B0
[0969]92000000
[0970]9
[0971]6
[0972]2C
[0973]45
[0974]1
[0975]9
[0976]B0
[0977]1
[0978]7
[0979]AA
[0980]0
[0981]0
[0982]0
[0983]0
[0984]0
[0985]0
[0986]0
[0987]0
[0988]0
[0989]0
[0990]35
[0991]0
[0992]0
[0993]0
[0994]0
[0995]0
[0996]0
[0997]0
[0998]0
[0999]0
[1000]0
[1001]0
[1002]6
[1003]2C
[1004]45
[1005]1
[1006]9
[1007]B0
[1008]1
[1009]7
[1010]AA
[1011]0
[1012]0
[1013]0
