[0000]C050004C
[0001]4B060000
[0002]4B000000
[0003]4B010000
[0004]4B020000
[0005]4B030001
[0006]4F07009C
[0007]C1270000
[0008]4C070004
[0009]4C060001
[0010]5320000
[0011]C1070000
[0012]4C070004
[0013]4C060001
[0014]4023000
[0015]4002000
[0016]10658000
[0017]56810028
[0018]92000000
[0019]B
[0020]0
[0021]0
[0022]0
[0023]0
[0024]0
[0025]0
[0026]0
[0027]0
[0028]0
[0029]0
[0030]0
[0031]0
[0032]0
[0033]0
[0034]0
[0035]0
[0036]0
[0037]0
[0038]0
[0039]0
[0040]1
[0041]1
[0042]1
[0043]1
[0044]1
[0045]1
[0046]1
[0047]1
[0048]1
[0049]1
[0050]0
[0051]0
[0052]0
[0053]0
[0054]0
[0055]0
[0056]0
[0057]0
[0058]0
[0059]0
[0060]0
[0061]0
[0062]0
[0063]C050004C
[0064]4B060000
[0065]4B000000
[0066]4B010000
[0067]4B020000
[0068]4B030001
[0069]4F07009C
[0070]C1270000
[0071]4C070004
[0072]4C060001
[0073]5320000
[0074]C1070000
[0075]4C070004
[0076]4C060001
[0077]4230000
[0078]4300000
[0079]10658000
[0080]56810028
[0081]92000000
[0082]B
[0083]0
[0084]0
[0085]0
[0086]0
[0087]0
[0088]0
[0089]0
[0090]0
[0091]0
[0092]0
[0093]0
[0094]0
[0095]0
[0096]0
[0097]0
[0098]0
[0099]0
[0100]0
[0101]0
[0102]0
[0103]1
[0104]2
[0105]3
[0106]5
[0107]8
[0108]D
[0109]15
[0110]22
[0111]37
[0112]59
[0113]0
[0114]0
[0115]0
[0116]0
[0117]0
[0118]0
[0119]0
[0120]0
[0121]0
[0122]0
[0123]0
[0124]0
[0125]0
[0126]C050004C
[0127]4B060000
[0128]4B000000
[0129]4B010000
[0130]4B020000
[0131]4B030001
[0132]4F07009C
[0133]C1270000
[0134]4C070004
[0135]4C060001
[0136]5320000
[0137]C1070000
[0138]4C070004
[0139]4C060001
[0140]4230000
[0141]4300000
[0142]10658000
[0143]56810028
[0144]92000000
[0145]B
[0146]0
[0147]0
[0148]0
[0149]0
[0150]0
[0151]0
[0152]0
[0153]0
[0154]0
[0155]0
[0156]0
[0157]0
[0158]0
[0159]0
[0160]0
[0161]0
[0162]0
[0163]0
[0164]0
[0165]0
[0166]1
[0167]2
[0168]3
[0169]5
[0170]8
[0171]D
[0172]15
[0173]22
[0174]37
[0175]59
[0176]0
[0177]0
[0178]0
[0179]0
[0180]0
[0181]0
[0182]0
[0183]0
[0184]0
[0185]0
[0186]0
[0187]0
[0188]0
[0189]C050004C
[0190]4B060000
[0191]4B000000
[0192]4B010000
[0193]4B020000
[0194]4B030001
[0195]4F07009C
[0196]C1270000
[0197]4C070004
[0198]4C060001
[0199]5320000
[0200]C1070000
[0201]4C070004
[0202]4C060001
[0203]4230000
[0204]4300000
[0205]10658000
[0206]56810028
[0207]92000000
[0208]9
[0209]0
[0210]0
[0211]0
[0212]0
[0213]0
[0214]0
[0215]0
[0216]0
[0217]0
[0218]0
[0219]0
[0220]0
[0221]0
[0222]0
[0223]0
[0224]0
[0225]0
[0226]0
[0227]0
[0228]0
[0229]1
[0230]2
[0231]3
[0232]5
[0233]8
[0234]D
[0235]15
[0236]22
[0237]0
[0238]0
[0239]0
[0240]0
[0241]0
[0242]0
[0243]0
[0244]0
[0245]0
[0246]0
[0247]0
[0248]0
[0249]0
[0250]0
[0251]0
[0252]C050005C
[0253]4B060000
[0254]4B010000
[0255]4B000000
[0256]4F0A005C
[0257]4F0D00DC
[0258]4C0A0004
[0259]C0BA0000
[0260]42BD0000
[0261]4C0D0004
[0262]4C060001
[0263]10658000
[0264]56810018
[0265]4B060000
[0266]4F0900DC
[0267]43970000
[0268]5070000
[0269]4C060001
[0270]4C090004
[0271]10658000
[0272]5681003C
[0273]C10000AC
[0274]92000000
[0275]A
[0276]6
[0277]2C
[0278]45
[0279]81
[0280]E7
[0281]C0
[0282]1
[0283]65
[0284]A
[0285]55
[0286]0
[0287]0
[0288]0
[0289]0
[0290]0
[0291]0
[0292]0
[0293]0
[0294]0
[0295]364
[0296]0
[0297]0
[0298]0
[0299]0
[0300]0
[0301]0
[0302]0
[0303]0
[0304]0
[0305]0
[0306]0
[0307]6
[0308]2C
[0309]45
[0310]81
[0311]E7
[0312]C0
[0313]1
[0314]65
[0315]A
[0316]55
[0317]0
[0318]0
[0319]C050005C
[0320]4B060000
[0321]4B010000
[0322]4B000000
[0323]4F0A005C
[0324]4F0D00DC
[0325]4C0A0004
[0326]C0BA0000
[0327]42BD0000
[0328]4C0D0004
[0329]4C060001
[0330]10658000
[0331]56810018
[0332]4B060000
[0333]4F0900DC
[0334]43970000
[0335]5070000
[0336]4C060001
[0337]4C090004
[0338]10658000
[0339]5681003C
[0340]C10000AC
[0341]92000000
[0342]A
[0343]6
[0344]2C
[0345]45
[0346]1
[0347]7
[0348]0
[0349]1
[0350]5
[0351]A
[0352]55
[0353]0
[0354]0
[0355]0
[0356]0
[0357]0
[0358]0
[0359]0
[0360]0
[0361]0
[0362]E4
[0363]0
[0364]0
[0365]0
[0366]0
[0367]0
[0368]0
[0369]0
[0370]0
[0371]0
[0372]0
[0373]0
[0374]6
[0375]2C
[0376]45
[0377]1
[0378]7
[0379]0
[0380]1
[0381]5
[0382]A
[0383]55
[0384]0
[0385]0
[0386]C0500060
[0387]4B060000
[0388]4B010000
[0389]4B000000
[0390]4F0A0060
[0391]4F0D00E0
[0392]4C0A0004
[0393]C0BA0000
[0394]42BD0000
[0395]4C0D0004
[0396]4C060001
[0397]10658000
[0398]56810018
[0399]4B060000
[0400]4F0900E0
[0401]43970000
[0402]5070000
[0403]4C060001
[0404]4C090004
[0405]10658000
[0406]5681003C
[0407]8050000
[0408]C10000B0
[0409]92000000
[0410]A
[0411]6
[0412]2C
[0413]45
[0414]1
[0415]9
[0416]B0
[0417]1
[0418]7
[0419]AA
[0420]55
[0421]0
[0422]0
[0423]0
[0424]0
[0425]0
[0426]0
[0427]0
[0428]0
[0429]0
[0430]38
[0431]0
[0432]0
[0433]0
[0434]0
[0435]0
[0436]0
[0437]0
[0438]0
[0439]0
[0440]0
[0441]0
[0442]6
[0443]2C
[0444]45
[0445]1
[0446]9
[0447]B0
[0448]1
[0449]7
[0450]AA
[0451]55
[0452]0
[0453]0
[0454]C0500060
[0455]4B060000
[0456]4B010000
[0457]4B000000
[0458]4F0A0060
[0459]4F0D00E0
[0460]4C0A0004
[0461]C0BA0000
[0462]42BD0000
[0463]4C0D0004
[0464]4C060001
[0465]10658000
[0466]56810018
[0467]4B060000
[0468]4F0900E0
[0469]43970000
[0470]5070000
[0471]4C060001
[0472]4C090004
[0473]10658000
[0474]5681003C
[0475]8050000
[0476]C10000B0
[0477]92000000
[0478]A
[0479]6
[0480]2C
[0481]45
[0482]1
[0483]9
[0484]B0
[0485]1
[0486]7
[0487]AA
[0488]55
[0489]0
[0490]0
[0491]0
[0492]0
[0493]0
[0494]0
[0495]0
[0496]0
[0497]0
[0498]38
[0499]0
[0500]0
[0501]0
[0502]0
[0503]0
[0504]0
[0505]0
[0506]0
[0507]0
[0508]0
[0509]0
[0510]6
[0511]2C
[0512]45
[0513]1
[0514]9
[0515]B0
[0516]1
[0517]7
[0518]AA
[0519]55
[0520]0
[0521]0
[0522]C0500060
[0523]4B060000
[0524]4B010000
[0525]4B000000
[0526]4F0A0060
[0527]4F0D00E0
[0528]4C0A0004
[0529]C0BA0000
[0530]42BD0000
[0531]4C0D0004
[0532]4C060001
[0533]10658000
[0534]56810018
[0535]4B060000
[0536]4F0900E0
[0537]43970000
[0538]5070000
[0539]4C060001
[0540]4C090004
[0541]10658000
[0542]5681003C
[0543]8050000
[0544]C10000B0
[0545]92000000
[0546]9
[0547]6
[0548]2C
[0549]45
[0550]1
[0551]9
[0552]B0
[0553]1
[0554]7
[0555]AA
[0556]0
[0557]0
[0558]0
[0559]0
[0560]0
[0561]0
[0562]0
[0563]0
[0564]0
[0565]0
[0566]35
[0567]0
[0568]0
[0569]0
[0570]0
[0571]0
[0572]0
[0573]0
[0574]0
[0575]0
[0576]0
[0577]0
[0578]6
[0579]2C
[0580]45
[0581]1
[0582]9
[0583]B0
[0584]1
[0585]7
[0586]AA
[0587]0
[0588]0
[0589]0
[0590]C0500060
[0591]4B060000
[0592]4B010000
[0593]4B000000
[0594]4F0A0060
[0595]4F0D00E0
[0596]4C0A0004
[0597]C0BA0000
[0598]42BD0000
[0599]4C0D0004
[0600]4C060001
[0601]10658000
[0602]56810018
[0603]4B060000
[0604]4F0900E0
[0605]43970000
[0606]5070000
[0607]4C060001
[0608]4C090004
[0609]10658000
[0610]5681003C
[0611]8050000
[0612]C10000B0
[0613]92000000
[0614]A
[0615]6
[0616]2C
[0617]45
[0618]1
[0619]9
[0620]B0
[0621]1
[0622]7
[0623]AA
[0624]55
[0625]0
[0626]0
[0627]0
[0628]0
[0629]0
[0630]0
[0631]0
[0632]0
[0633]0
[0634]38
[0635]0
[0636]0
[0637]0
[0638]0
[0639]0
[0640]0
[0641]0
[0642]0
[0643]0
[0644]0
[0645]0
[0646]6
[0647]2C
[0648]45
[0649]1
[0650]9
[0651]B0
[0652]1
[0653]7
[0654]AA
[0655]55
[0656]0
[0657]0
[0658]C0500060
[0659]4B060000
[0660]4B010000
[0661]4B000000
[0662]4F0A0060
[0663]4F0D00E0
[0664]4C0A0004
[0665]C0BA0000
[0666]42BD0000
[0667]4C0D0004
[0668]4C060001
[0669]10658000
[0670]56810018
[0671]4B060000
[0672]4F0900E0
[0673]43970000
[0674]5070000
[0675]4C060001
[0676]4C090004
[0677]10658000
[0678]5681003C
[0679]8050000
[0680]C10000B0
[0681]92000000
[0682]A
[0683]D
[0684]2C
[0685]45
[0686]DE
[0687]9
[0688]B0
[0689]1
[0690]7
[0691]AA
[0692]55
[0693]0
[0694]0
[0695]0
[0696]0
[0697]0
[0698]0
[0699]0
[0700]0
[0701]0
[0702]4F
[0703]0
[0704]0
[0705]0
[0706]0
[0707]0
[0708]0
[0709]0
[0710]0
[0711]0
[0712]0
[0713]0
[0714]D
[0715]2C
[0716]45
[0717]DE
[0718]9
[0719]B0
[0720]1
[0721]7
[0722]AA
[0723]55
[0724]0
[0725]0
[0726]C0500070
[0727]4B060000
[0728]4B010000
[0729]4B000000
[0730]4F0A0070
[0731]4F0D00F0
[0732]4C0A0004
[0733]C0BA0000
[0734]42BD0000
[0735]4C0D0004
[0736]4C060001
[0737]10658000
[0738]56810018
[0739]4B060000
[0740]4F0900F0
[0741]43900000
[0742]4C060001
[0743]4C090004
[0744]43920000
[0745]4C060001
[0746]4C090004
[0747]10028000
[0748]55810060
[0749]4020000
[0750]10658000
[0751]56810048
[0752]C10000C0
[0753]92000000
[0754]A
[0755]6
[0756]2C
[0757]45
[0758]1
[0759]7
[0760]0
[0761]1
[0762]5
[0763]A
[0764]55
[0765]0
[0766]0
[0767]0
[0768]0
[0769]0
[0770]0
[0771]0
[0772]0
[0773]0
[0774]55
[0775]0
[0776]0
[0777]0
[0778]0
[0779]0
[0780]0
[0781]0
[0782]0
[0783]0
[0784]0
[0785]0
[0786]6
[0787]2C
[0788]45
[0789]1
[0790]7
[0791]0
[0792]1
[0793]5
[0794]A
[0795]55
[0796]0
[0797]0
[0798]C0500070
[0799]4B060000
[0800]4B010000
[0801]4B000000
[0802]4F0A0070
[0803]4F0D00F0
[0804]4C0A0004
[0805]C0BA0000
[0806]42BD0000
[0807]4C0D0004
[0808]4C060001
[0809]10658000
[0810]56810018
[0811]4B060000
[0812]4F0900F0
[0813]43900000
[0814]4C060001
[0815]4C090004
[0816]43920000
[0817]4C060001
[0818]4C090004
[0819]10028000
[0820]55810060
[0821]4020000
[0822]10658000
[0823]56810048
[0824]C10000C0
[0825]92000000
[0826]A
[0827]6
[0828]2C
[0829]45
[0830]1
[0831]7
[0832]0
[0833]1
[0834]5
[0835]A
[0836]55
[0837]0
[0838]0
[0839]0
[0840]0
[0841]0
[0842]0
[0843]0
[0844]0
[0845]0
[0846]55
[0847]0
[0848]0
[0849]0
[0850]0
[0851]0
[0852]0
[0853]0
[0854]0
[0855]0
[0856]0
[0857]0
[0858]6
[0859]2C
[0860]45
[0861]1
[0862]7
[0863]0
[0864]1
[0865]5
[0866]A
[0867]55
[0868]0
[0869]0
[0870]C0500070
[0871]4B060000
[0872]4B010000
[0873]4B000000
[0874]4F0A0070
[0875]4F0D00F0
[0876]4C0A0004
[0877]C0BA0000
[0878]42BD0000
[0879]4C0D0004
[0880]4C060001
[0881]10658000
[0882]56810018
[0883]4B060000
[0884]4F0900F0
[0885]43900000
[0886]4C060001
[0887]4C090004
[0888]43920000
[0889]4C060001
[0890]4C090004
[0891]10028000
[0892]55810060
[0893]4020000
[0894]10658000
[0895]56810048
[0896]C10000C0
[0897]92000000
[0898]A
[0899]6
[0900]2C
[0901]45
[0902]E1
[0903]17
[0904]0
[0905]2
[0906]5
[0907]AA
[0908]55
[0909]0
[0910]0
[0911]0
[0912]0
[0913]0
[0914]0
[0915]0
[0916]0
[0917]0
[0918]E1
[0919]0
[0920]0
[0921]0
[0922]0
[0923]0
[0924]0
[0925]0
[0926]0
[0927]0
[0928]0
[0929]0
[0930]6
[0931]2C
[0932]45
[0933]E1
[0934]17
[0935]0
[0936]2
[0937]5
[0938]AA
[0939]55
[0940]0
[0941]0
[0942]C0500070
[0943]4B060000
[0944]4B010000
[0945]4B000000
[0946]4F0A0070
[0947]4F0D00F0
[0948]4C0A0004
[0949]C0BA0000
[0950]42BD0000
[0951]4C0D0004
[0952]4C060001
[0953]10658000
[0954]56810018
[0955]4B060000
[0956]4F0900F0
[0957]43900000
[0958]4C060001
[0959]4C090004
[0960]43920000
[0961]4C060001
[0962]4C090004
[0963]10028000
[0964]55810060
[0965]4020000
[0966]10658000
[0967]56810048
[0968]C10000C0
[0969]92000000
[0970]A
[0971]6
[0972]2C
[0973]45
[0974]1
[0975]17
[0976]0
[0977]1
[0978]5
[0979]AA
[0980]55
[0981]0
[0982]0
[0983]0
[0984]0
[0985]0
[0986]0
[0987]0
[0988]0
[0989]0
[0990]AA
[0991]0
[0992]0
[0993]0
[0994]0
[0995]0
[0996]0
[0997]0
[0998]0
[0999]0
[1000]0
[1001]0
[1002]6
[1003]2C
[1004]45
[1005]1
[1006]17
[1007]0
[1008]1
[1009]5
[1010]AA
[1011]55
[1012]0
[1013]0
[1014]0
[1015]0
[1016]0
[1017]0
[1018]0
[1019]0
[1020]0
[1021]0
[1022]0
[1023]0
[1024]0
[1025]0
[1026]0
[1027]0
