--------------------------------------
----PROCESS #16-----------------------
--------------------------------------
[0000]C050004C
[0001]4B060000
[0002]4B000000
[0003]4B010000
[0004]4B020000
[0005]4B030001
[0006]4F07009C
[0007]C1270000
[0008]4C070004
[0009]4C060001
[0010]5320000
[0011]C1070000
[0012]4C070004
[0013]4C060001
[0014]4230000
[0015]4300000
[0016]10658000
[0017]56810028
[0018]92000000
[0019]4
[0020]0
[0021]0
[0022]0
[0023]0
[0024]0
[0025]0
[0026]0
[0027]0
[0028]0
[0029]0
[0030]0
[0031]0
[0032]0
[0033]0
[0034]0
[0035]0
[0036]0
[0037]0
[0038]0
[0039]0
[0040]1
[0041]2
[0042]3
[0043]0
[0044]0
[0045]0
[0046]0
[0047]0
[0048]0
[0049]0
[0050]0
[0051]0
[0052]0
[0053]0
[0054]0
[0055]0
[0056]0
[0057]0
[0058]0
[0059]0
[0060]0
[0061]0
[0062]0
--------------------------------------
----PROCESS #17-----------------------
--------------------------------------
[0063]C0500070
[0064]4B060000
[0065]4B010000
[0066]4B000000
[0067]4F0A0070
[0068]4F0D00F0
[0069]4C0A0004
[0070]C0BA0000
[0071]42BD0000
[0072]4C0D0004
[0073]4C060001
[0074]10658000
[0075]56810018
[0076]4B060000
[0077]4F0900F0
[0078]43900000
[0079]4C060001
[0080]4C090004
[0081]43920000
[0082]4C060001
[0083]4C090004
[0084]10028000
[0085]55810060
[0086]4020000
[0087]10658000
[0088]56810048
[0089]C10000C0
[0090]92000000
[0091]A
[0092]6
[0093]2C
[0094]45
[0095]B1
[0096]7
[0097]9C
[0098]1
[0099]45
[0100]A
[0101]55
[0102]0
[0103]0
[0104]0
[0105]0
[0106]0
[0107]0
[0108]0
[0109]0
[0110]0
[0111]B1
[0112]0
[0113]0
[0114]0
[0115]0
[0116]0
[0117]0
[0118]0
[0119]0
[0120]0
[0121]0
[0122]0
[0123]6
[0124]2C
[0125]45
[0126]B1
[0127]7
[0128]9C
[0129]1
[0130]45
[0131]A
[0132]55
[0133]0
[0134]0
--------------------------------------
----PROCESS #20-----------------------
--------------------------------------
[0275]C0500060
[0276]4B060000
[0277]4B010000
[0278]4B000000
[0279]4F0A0060
[0280]4F0D00E0
[0281]4C0A0004
[0282]C0BA0000
[0283]42BD0000
[0284]4C0D0004
[0285]4C060001
[0286]10658000
[0287]56810018
[0288]4B060000
[0289]4F0900E0
[0290]43970000
[0291]5070000
[0292]4C060001
[0293]4C090004
[0294]10658000
[0295]5681003C
[0296]8050000
[0297]C10000B0
[0298]92000000
[0299]A
[0300]6
[0301]2C
[0302]45
[0303]1
[0304]9
[0305]B0
[0306]1
[0307]7
[0308]AA
[0309]55
[0310]0
[0311]0
[0312]0
[0313]0
[0314]0
[0315]0
[0316]0
[0317]0
[0318]0
[0319]38
[0320]0
[0321]0
[0322]0
[0323]0
[0324]0
[0325]0
[0326]0
[0327]0
[0328]0
[0329]0
[0330]0
[0331]6
[0332]2C
[0333]45
[0334]1
[0335]9
[0336]B0
[0337]1
[0338]7
[0339]AA
[0340]55
[0341]0
[0342]0
--------------------------------------
----PROCESS #19-----------------------
--------------------------------------
[0203]C0500070
[0204]4B060000
[0205]4B010000
[0206]4B000000
[0207]4F0A0070
[0208]4F0D00F0
[0209]4C0A0004
[0210]C0BA0000
[0211]42BD0000
[0212]4C0D0004
[0213]4C060001
[0214]10658000
[0215]56810018
[0216]4B060000
[0217]4F0900F0
[0218]43900000
[0219]4C060001
[0220]4C090004
[0221]43920000
[0222]4C060001
[0223]4C090004
[0224]10028000
[0225]55810060
[0226]4020000
[0227]10658000
[0228]56810048
[0229]C10000C0
[0230]92000000
[0231]8
[0232]6
[0233]2C
[0234]45
[0235]1
[0236]7
[0237]0
[0238]1
[0239]5
[0240]0
[0241]0
[0242]0
[0243]0
[0244]0
[0245]0
[0246]0
[0247]0
[0248]0
[0249]0
[0250]0
[0251]45
[0252]0
[0253]0
[0254]0
[0255]0
[0256]0
[0257]0
[0258]0
[0259]0
[0260]0
[0261]0
[0262]0
[0263]6
[0264]2C
[0265]45
[0266]1
[0267]7
[0268]0
[0269]1
[0270]5
[0271]0
[0272]0
[0273]0
[0274]0
--------------------------------------
----PROCESS #22-----------------------
--------------------------------------
[0406]C0500070
[0407]4B060000
[0408]4B010000
[0409]4B000000
[0410]4F0A0070
[0411]4F0D00F0
[0412]4C0A0004
[0413]C0BA0000
[0414]42BD0000
[0415]4C0D0004
[0416]4C060001
[0417]10658000
[0418]56810018
[0419]4B060000
[0420]4F0900F0
[0421]43900000
[0422]4C060001
[0423]4C090004
[0424]43920000
[0425]4C060001
[0426]4C090004
[0427]10028000
[0428]55810060
[0429]4020000
[0430]10658000
[0431]56810048
[0432]C10000C0
[0433]92000000
[0434]A
[0435]6
[0436]2C
[0437]45
[0438]1
[0439]7
[0440]0
[0441]1
[0442]5
[0443]A
[0444]55
[0445]0
[0446]0
[0447]0
[0448]0
[0449]0
[0450]0
[0451]0
[0452]0
[0453]0
[0454]55
[0455]0
[0456]0
[0457]0
[0458]0
[0459]0
[0460]0
[0461]0
[0462]0
[0463]0
[0464]0
[0465]0
[0466]6
[0467]2C
[0468]45
[0469]1
[0470]7
[0471]0
[0472]1
[0473]5
[0474]A
[0475]55
[0476]0
[0477]0
--------------------------------------
----PROCESS #18-----------------------
--------------------------------------
[0135]C0500060
[0136]4B060000
[0137]4B010000
[0138]4B000000
[0139]4F0A0060
[0140]4F0D00E0
[0141]4C0A0004
[0142]C0BA0000
[0143]42BD0000
[0144]4C0D0004
[0145]4C060001
[0146]10658000
[0147]56810018
[0148]4B060000
[0149]4F0900E0
[0150]43970000
[0151]5070000
[0152]4C060001
[0153]4C090004
[0154]10658000
[0155]5681003C
[0156]8050000
[0157]C10000B0
[0158]92000000
[0159]A
[0160]6
[0161]2C
[0162]45
[0163]1
[0164]9
[0165]B0
[0166]1
[0167]7
[0168]AA
[0169]55
[0170]0
[0171]0
[0172]0
[0173]0
[0174]0
[0175]0
[0176]0
[0177]0
[0178]0
[0179]38
[0180]0
[0181]0
[0182]0
[0183]0
[0184]0
[0185]0
[0186]0
[0187]0
[0188]0
[0189]0
[0190]0
[0191]6
[0192]2C
[0193]45
[0194]1
[0195]9
[0196]B0
[0197]1
[0198]7
[0199]AA
[0200]55
[0201]0
[0202]0
--------------------------------------
----PROCESS #23-----------------------
--------------------------------------
[0478]C050005C
[0479]4B060000
[0480]4B010000
[0481]4B000000
[0482]4F0A005C
[0483]4F0D00DC
[0484]4C0A0004
[0485]C0BA0000
[0486]42BD0000
[0487]4C0D0004
[0488]4C060001
[0489]10658000
[0490]56810018
[0491]4B060000
[0492]4F0900DC
[0493]43970000
[0494]5070000
[0495]4C060001
[0496]4C090004
[0497]10658000
[0498]5681003C
[0499]C10000AC
[0500]92000000
[0501]9
[0502]6
[0503]2C
[0504]45
[0505]1
[0506]7
[0507]0
[0508]1
[0509]5
[0510]A
[0511]0
[0512]0
[0513]0
[0514]0
[0515]0
[0516]0
[0517]0
[0518]0
[0519]0
[0520]0
[0521]8F
[0522]0
[0523]0
[0524]0
[0525]0
[0526]0
[0527]0
[0528]0
[0529]0
[0530]0
[0531]0
[0532]0
[0533]6
[0534]2C
[0535]45
[0536]1
[0537]7
[0538]0
[0539]1
[0540]5
[0541]A
[0542]0
[0543]0
[0544]0
--------------------------------------
----PROCESS #21-----------------------
--------------------------------------
[0343]C050004C
[0344]4B060000
[0345]4B000000
[0346]4B010000
[0347]4B020000
[0348]4B030001
[0349]4F07009C
[0350]C1270000
[0351]4C070004
[0352]4C060001
[0353]5320000
[0354]C1070000
[0355]4C070004
[0356]4C060001
[0357]4230000
[0358]4300000
[0359]10658000
[0360]56810028
[0361]92000000
[0362]C
[0363]0
[0364]0
[0365]0
[0366]0
[0367]0
[0368]0
[0369]0
[0370]0
[0371]0
[0372]0
[0373]0
[0374]0
[0375]0
[0376]0
[0377]0
[0378]0
[0379]0
[0380]0
[0381]0
[0382]0
[0383]1
[0384]2
[0385]3
[0386]5
[0387]8
[0388]D
[0389]15
[0390]22
[0391]37
[0392]59
[0393]90
[0394]0
[0395]0
[0396]0
[0397]0
[0398]0
[0399]0
[0400]0
[0401]0
[0402]0
[0403]0
[0404]0
[0405]0
--------------------------------------
----PROCESS #24-----------------------
--------------------------------------
[0545]C0500060
[0546]4B060000
[0547]4B010000
[0548]4B000000
[0549]4F0A0060
[0550]4F0D00E0
[0551]4C0A0004
[0552]C0BA0000
[0553]42BD0000
[0554]4C0D0004
[0555]4C060001
[0556]10658000
[0557]56810018
[0558]4B060000
[0559]4F0900E0
[0560]43970000
[0561]5070000
[0562]4C060001
[0563]4C090004
[0564]10658000
[0565]5681003C
[0566]8050000
[0567]C10000B0
[0568]92000000
[0569]A
[0570]6
[0571]2C
[0572]45
[0573]1
[0574]9
[0575]B0
[0576]1
[0577]7
[0578]AA
[0579]55
[0580]0
[0581]0
[0582]0
[0583]0
[0584]0
[0585]0
[0586]0
[0587]0
[0588]0
[0589]38
[0590]0
[0591]0
[0592]0
[0593]0
[0594]0
[0595]0
[0596]0
[0597]0
[0598]0
[0599]0
[0600]0
[0601]6
[0602]2C
[0603]45
[0604]1
[0605]9
[0606]B0
[0607]1
[0608]7
[0609]AA
[0610]55
[0611]0
[0612]0
--------------------------------------
----PROCESS #25-----------------------
--------------------------------------
[0613]C050005C
[0614]4B060000
[0615]4B010000
[0616]4B000000
[0617]4F0A005C
[0618]4F0D00DC
[0619]4C0A0004
[0620]C0BA0000
[0621]42BD0000
[0622]4C0D0004
[0623]4C060001
[0624]10658000
[0625]56810018
[0626]4B060000
[0627]4F0900DC
[0628]43970000
[0629]5070000
[0630]4C060001
[0631]4C090004
[0632]10658000
[0633]5681003C
[0634]C10000AC
[0635]92000000
[0636]5
[0637]6
[0638]2C
[0639]45
[0640]1
[0641]7
[0642]0
[0643]0
[0644]0
[0645]0
[0646]0
[0647]0
[0648]0
[0649]0
[0650]0
[0651]0
[0652]0
[0653]0
[0654]0
[0655]0
[0656]7F
[0657]0
[0658]0
[0659]0
[0660]0
[0661]0
[0662]0
[0663]0
[0664]0
[0665]0
[0666]0
[0667]0
[0668]6
[0669]2C
[0670]45
[0671]1
[0672]7
[0673]0
[0674]0
[0675]0
[0676]0
[0677]0
[0678]0
[0679]0
--------------------------------------
----PROCESS #26-----------------------
--------------------------------------
[0680]C050004C
[0681]4B060000
[0682]4B000000
[0683]4B010000
[0684]4B020000
[0685]4B030001
[0686]4F07009C
[0687]C1270000
[0688]4C070004
[0689]4C060001
[0690]5320000
[0691]C1070000
[0692]4C070004
[0693]4C060001
[0694]4230000
[0695]4300000
[0696]10658000
[0697]56810028
[0698]92000000
[0699]7
[0700]0
[0701]0
[0702]0
[0703]0
[0704]0
[0705]0
[0706]0
[0707]0
[0708]0
[0709]0
[0710]0
[0711]0
[0712]0
[0713]0
[0714]0
[0715]0
[0716]0
[0717]0
[0718]0
[0719]0
[0720]1
[0721]2
[0722]3
[0723]5
[0724]8
[0725]D
[0726]0
[0727]0
[0728]0
[0729]0
[0730]0
[0731]0
[0732]0
[0733]0
[0734]0
[0735]0
[0736]0
[0737]0
[0738]0
[0739]0
[0740]0
[0741]0
[0742]0
--------------------------------------
----PROCESS #27-----------------------
--------------------------------------
[0743]C050005C
[0744]4B060000
[0745]4B010000
[0746]4B000000
[0747]4F0A005C
[0748]4F0D00DC
[0749]4C0A0004
[0750]C0BA0000
[0751]42BD0000
[0752]4C0D0004
[0753]4C060001
[0754]10658000
[0755]56810018
[0756]4B060000
[0757]4F0900DC
[0758]43970000
[0759]5070000
[0760]4C060001
[0761]4C090004
[0762]10658000
[0763]5681003C
[0764]C10000AC
[0765]92000000
[0766]A
[0767]6
[0768]2C
[0769]45
[0770]1
[0771]7
[0772]0
[0773]1
[0774]5
[0775]A
[0776]55
[0777]0
[0778]0
[0779]0
[0780]0
[0781]0
[0782]0
[0783]0
[0784]0
[0785]0
[0786]E4
[0787]0
[0788]0
[0789]0
[0790]0
[0791]0
[0792]0
[0793]0
[0794]0
[0795]0
[0796]0
[0797]0
[0798]6
[0799]2C
[0800]45
[0801]1
[0802]7
[0803]0
[0804]1
[0805]5
[0806]A
[0807]55
[0808]0
[0809]0
--------------------------------------
----PROCESS #29-----------------------
--------------------------------------
[0882]C0500060
[0883]4B060000
[0884]4B010000
[0885]4B000000
[0886]4F0A0060
[0887]4F0D00E0
[0888]4C0A0004
[0889]C0BA0000
[0890]42BD0000
[0891]4C0D0004
[0892]4C060001
[0893]10658000
[0894]56810018
[0895]4B060000
[0896]4F0900E0
[0897]43970000
[0898]5070000
[0899]4C060001
[0900]4C090004
[0901]10658000
[0902]5681003C
[0903]8050000
[0904]C10000B0
[0905]92000000
[0906]A
[0907]6
[0908]2C
[0909]45
[0910]1
[0911]9
[0912]B0
[0913]11
[0914]E7
[0915]AA
[0916]55
[0917]0
[0918]0
[0919]0
[0920]0
[0921]0
[0922]0
[0923]0
[0924]0
[0925]0
[0926]50
[0927]0
[0928]0
[0929]0
[0930]0
[0931]0
[0932]0
[0933]0
[0934]0
[0935]0
[0936]0
[0937]0
[0938]6
[0939]2C
[0940]45
[0941]1
[0942]9
[0943]B0
[0944]11
[0945]E7
[0946]AA
[0947]55
[0948]0
[0949]0
--------------------------------------
----PROCESS #28-----------------------
--------------------------------------
[0810]C0500070
[0811]4B060000
[0812]4B010000
[0813]4B000000
[0814]4F0A0070
[0815]4F0D00F0
[0816]4C0A0004
[0817]C0BA0000
[0818]42BD0000
[0819]4C0D0004
[0820]4C060001
[0821]10658000
[0822]56810018
[0823]4B060000
[0824]4F0900F0
[0825]43900000
[0826]4C060001
[0827]4C090004
[0828]43920000
[0829]4C060001
[0830]4C090004
[0831]10028000
[0832]55810060
[0833]4020000
[0834]10658000
[0835]56810048
[0836]C10000C0
[0837]92000000
[0838]A
[0839]6
[0840]2C
[0841]45
[0842]1
[0843]7
[0844]0
[0845]E1
[0846]5
[0847]A
[0848]55
[0849]0
[0850]0
[0851]0
[0852]0
[0853]0
[0854]0
[0855]0
[0856]0
[0857]0
[0858]E1
[0859]0
[0860]0
[0861]0
[0862]0
[0863]0
[0864]0
[0865]0
[0866]0
[0867]0
[0868]0
[0869]0
[0870]6
[0871]2C
[0872]45
[0873]1
[0874]7
[0875]0
[0876]E1
[0877]5
[0878]A
[0879]55
[0880]0
[0881]0
--------------------------------------
----PROCESS #30-----------------------
--------------------------------------
[0950]C050004C
[0951]4B060000
[0952]4B000000
[0953]4B010000
[0954]4B020000
[0955]4B030001
[0956]4F07009C
[0957]C1270000
[0958]4C070004
[0959]4C060001
[0960]5320000
[0961]C1070000
[0962]4C070004
[0963]4C060001
[0964]4230000
[0965]4300000
[0966]10658000
[0967]56810028
[0968]92000000
[0969]A
[0970]0
[0971]0
[0972]0
[0973]0
[0974]0
[0975]0
[0976]0
[0977]0
[0978]0
[0979]0
[0980]0
[0981]0
[0982]0
[0983]0
[0984]0
[0985]0
[0986]0
[0987]0
[0988]0
[0989]0
[0990]1
[0991]2
[0992]3
[0993]5
[0994]8
[0995]D
[0996]15
[0997]22
[0998]37
[0999]0
[1000]0
[1001]0
[1002]0
[1003]0
[1004]0
[1005]0
[1006]0
[1007]0
[1008]0
[1009]0
[1010]0
[1011]0
[1012]0
